Tiempo,Fuerza,Ataque,Salida,Verticalidad
19:52:41,10.28,74.1,0.0,10.0
19:52:41,10.42,72.0,0.0,5.4
19:52:41,9.94,72.4,0.0,6.0
19:52:41,9.7,64.9,0.0,9.3
19:52:41,9.68,66.9,0.0,3.7
19:52:41,9.42,73.3,0.0,11.2
19:52:42,9.45,76.7,0.0,11.9
19:52:42,9.95,69.4,0.0,13.0
19:52:42,10.21,64.1,0.0,13.4
19:52:42,9.64,44.0,0.0,25.0
19:52:42,9.33,29.0,0.0,41.0
19:52:42,9.89,43.1,0.0,28.2
19:52:42,9.98,0.0,-69.4,-17.7
19:52:42,9.52,0.0,-47.0,-31.1
19:52:42,9.58,41.9,0.0,-28.3
19:52:42,9.36,49.8,0.0,-19.4
19:52:43,9.33,0.0,-75.1,-6.1
19:52:43,9.5,28.5,0.0,-48.2
19:52:43,8.98,0.0,-59.2,-22.9
19:52:43,8.73,41.9,0.0,-47.9
19:52:43,7.78,0.0,-35.5,-53.8
19:52:43,7.2,14.1,0.0,-62.5
19:52:43,5.06,0.0,-22.8,-4.3
19:52:43,5.08,48.7,0.0,2.7
19:52:43,10.44,85.2,0.0,3.6
19:52:43,13.14,0.0,-66.2,-14.3
19:52:44,17.85,0.0,-75.8,-8.4
19:52:44,38.44,0.0,-70.0,-3.7
19:52:44,52.15,0.0,-67.4,-2.3
19:52:44,46.38,0.0,-44.5,-0.3
19:52:44,31.6,0.0,-22.3,-5.7
19:52:44,17.66,0.0,-20.0,-7.0
19:52:44,12.18,0.0,-1.6,-7.4
19:52:44,11.34,16.3,0.0,-18.2
19:52:44,11.61,0.0,-57.0,3.9
19:52:44,11.41,0.0,-4.0,17.0
19:52:45,13.37,20.4,0.0,37.3
19:52:45,14.24,0.0,-70.6,0.7
19:52:45,18.47,0.0,-69.4,-1.9
19:52:45,35.45,0.0,-77.2,0.8
19:52:45,49.85,0.0,-76.6,9.4
19:52:45,49.72,0.0,-55.0,14.1
19:52:45,41.52,0.0,-49.2,21.8
19:52:45,29.93,0.0,-27.8,2.6
19:52:45,17.42,0.0,-10.1,-1.6
19:52:45,11.28,26.1,0.0,1.6
19:52:46,9.48,0.0,-64.6,23.9
19:52:46,11.68,12.5,0.0,18.4
19:52:46,15.6,30.6,0.0,32.1
19:52:46,16.62,0.0,-66.7,-6.2
19:52:46,24.18,0.0,-71.3,-5.2
19:52:46,46.26,0.0,-77.4,3.5
19:52:46,57.09,0.0,-62.1,11.2
19:52:46,50.65,0.0,-55.3,14.4
19:52:46,41.5,0.0,-57.0,12.9
19:52:46,31.38,0.0,-19.4,-2.5
19:52:47,17.77,5.1,0.0,-7.8
19:52:47,10.82,37.0,0.0,-29.4
19:52:47,9.76,0.0,-48.4,13.1
19:52:47,12.25,18.4,0.0,30.7
19:52:47,14.8,28.3,0.0,41.8
19:52:47,16.86,0.0,-70.4,-1.6
19:52:47,27.61,0.0,-68.5,-5.0
19:52:47,45.93,0.0,-78.3,5.0
19:52:47,50.65,0.0,-59.0,13.7
19:52:48,45.08,0.0,-53.5,11.9
19:52:48,37.71,0.0,-55.5,12.8
19:52:48,28.81,0.0,-14.9,-0.9
19:52:48,17.19,7.9,0.0,-4.6
19:52:48,11.39,58.6,0.0,-18.7
19:52:48,10.01,0.0,-46.4,17.4
19:52:48,12.28,10.1,0.0,22.4
19:52:48,16.17,0.0,-53.2,7.2
19:52:48,18.81,0.0,-65.0,-0.7
19:52:48,33.84,0.0,-70.6,-0.4
19:52:49,52.11,0.0,-71.5,6.5
19:52:49,52.29,0.0,-60.0,9.1
19:52:49,43.21,0.0,-58.5,5.3
19:52:49,35.35,0.0,-36.0,14.0
19:52:49,24.12,0.0,-10.0,1.5
19:52:49,13.59,12.7,0.0,-4.3
19:52:49,10.24,42.7,0.0,-26.1
19:52:49,11.03,0.0,-17.8,1.5
19:52:49,13.78,0.0,-1.0,19.9
19:52:49,16.32,0.0,-48.6,0.2
19:52:50,18.88,0.0,-51.6,-2.1
19:52:50,36.29,0.0,-65.1,5.2
19:52:50,51.83,0.0,-69.3,15.7
19:52:50,49.72,0.0,-52.3,17.2
19:52:50,41.36,0.0,-48.2,14.8
19:52:50,32.79,0.0,-40.8,4.9
19:52:50,21.73,0.0,-7.7,-0.8
19:52:50,13.66,27.3,0.0,-6.1
19:52:50,10.62,80.7,0.0,-7.6
19:52:50,11.79,7.3,0.0,21.3
19:52:50,16.55,5.7,0.0,41.3
19:52:51,18.87,0.0,-63.9,1.4
19:52:51,30.31,0.0,-68.3,-0.3
19:52:51,55.33,0.0,-75.4,8.2
19:52:51,63.42,0.0,-63.2,12.4
19:52:51,54.18,0.0,-50.5,12.2
19:52:51,43.48,0.0,-54.1,5.1
19:52:51,30.34,0.0,-22.7,-2.5
19:52:51,15.66,0.0,-3.5,-6.0
19:52:51,10.78,43.3,0.0,-2.9
19:52:52,11.14,0.0,-58.5,14.4
19:52:52,12.93,0.0,-3.6,31.2
19:52:52,16.65,0.0,-35.0,52.6
19:52:52,19.54,0.0,-58.6,1.6
19:52:52,40.53,0.0,-71.4,5.3
19:52:52,70.78,0.0,-71.3,15.8
19:52:52,67.31,0.0,-55.9,15.7
19:52:52,50.94,0.0,-64.4,10.3
19:52:52,40.32,0.0,-37.1,18.2
19:52:52,26.89,0.0,-14.7,-6.5
19:52:53,13.89,11.1,0.0,-10.1
19:52:53,10.65,73.2,0.0,-2.3
19:52:53,11.28,0.0,-25.8,17.8
19:52:53,14.45,0.0,-4.8,42.6
19:52:53,18.0,0.0,-40.9,-6.9
19:52:53,25.48,0.0,-65.0,0.3
19:52:53,51.16,0.0,-70.6,7.9
19:52:53,61.04,0.0,-64.9,13.0
19:52:53,50.17,0.0,-59.8,13.2
19:52:53,41.55,0.0,-53.2,13.9
19:52:54,32.91,0.0,-33.4,-2.1
19:52:54,20.72,0.0,-1.6,0.2
19:52:54,12.52,34.1,0.0,-8.6
19:52:54,10.69,0.0,-71.3,-10.3
19:52:54,11.66,5.3,0.0,26.8
19:52:54,16.53,6.7,0.0,50.2
19:52:54,19.96,0.0,-58.6,-1.4
19:52:54,33.34,0.0,-62.3,1.9
19:52:54,54.51,0.0,-64.9,8.3
19:52:54,56.77,0.0,-53.8,7.7
19:52:55,45.98,0.0,-51.2,6.2
19:52:55,36.64,0.0,-45.6,12.2
19:52:55,25.51,0.0,-22.4,8.4
19:52:55,15.07,4.0,0.0,0.7
19:52:55,11.87,62.8,0.0,-13.9
19:52:55,12.08,0.0,-20.7,38.8
19:52:55,14.39,0.0,-4.1,34.6
19:52:55,18.63,0.0,-47.5,-2.8
19:52:55,23.26,0.0,-62.9,-4.7
19:52:55,46.02,0.0,-72.1,0.7
19:52:56,61.44,0.0,-66.5,9.2
19:52:56,52.04,0.0,-60.0,8.8
19:52:56,40.37,0.0,-57.3,20.0
19:52:56,31.39,0.0,-39.6,11.1
19:52:56,19.89,0.0,-12.2,-1.2
19:52:56,13.15,7.2,0.0,-8.1
19:52:56,11.81,70.6,0.0,-0.7
19:52:56,12.38,0.0,-17.1,28.7
19:52:56,16.64,4.2,0.0,80.5
19:52:57,21.15,0.0,-60.9,0.8
19:52:57,40.22,0.0,-62.6,-6.4
19:52:57,76.18,0.0,-78.6,4.9
19:52:57,76.75,0.0,-64.4,7.5
19:52:57,52.88,0.0,-60.2,18.5
19:52:57,37.87,0.0,-58.6,21.4
19:52:57,29.08,0.0,-34.0,6.7
19:52:57,17.11,9.1,0.0,-11.8
19:52:57,11.0,65.1,0.0,-15.6
19:52:57,11.06,0.0,-37.7,27.8
19:52:58,14.8,26.0,0.0,45.6
19:52:58,19.43,0.0,-59.8,2.6
19:52:58,30.74,0.0,-62.9,-6.0
19:52:58,64.85,0.0,-71.9,5.6
19:52:58,77.41,0.0,-67.9,12.5
19:52:58,55.78,0.0,-63.2,15.9
19:52:58,40.85,0.0,-80.5,9.4
19:52:58,33.57,0.0,-30.1,1.9
19:52:58,20.34,2.9,0.0,-4.2
19:52:58,11.09,66.9,0.0,-8.8
19:52:59,10.16,0.0,-18.1,35.6
19:52:59,15.52,0.0,-13.9,54.3
19:52:59,19.81,0.0,-51.6,0.4
19:52:59,28.68,0.0,-58.7,-4.2
19:52:59,63.78,0.0,-68.7,0.6
19:52:59,79.9,0.0,-71.3,5.9
19:52:59,59.21,0.0,-58.2,11.1
19:52:59,41.77,0.0,-74.3,9.0
19:52:59,32.59,0.0,-55.5,-2.9
19:52:59,20.08,0.0,-2.7,-7.3
19:52:59,11.39,53.8,0.0,-7.8
19:53:00,9.87,0.0,-37.2,30.0
19:53:00,13.41,3.7,0.0,40.5
19:53:00,18.78,0.0,-31.8,6.6
19:53:00,23.08,0.0,-64.1,-2.4
19:53:00,57.16,0.0,-71.3,4.4
19:53:00,82.46,0.0,-62.5,12.8
19:53:00,63.16,0.0,-65.5,13.7
19:53:00,44.58,0.0,-73.3,15.5
19:53:00,34.58,0.0,-41.0,5.6
19:53:00,22.9,0.0,-1.0,-2.4
19:53:01,13.66,49.6,0.0,-3.8
19:53:01,10.39,0.0,-30.6,32.6
19:53:01,13.22,0.0,-18.3,40.4
19:53:01,18.57,0.0,-18.1,9.5
19:53:01,23.58,0.0,-62.3,-0.7
19:53:01,55.45,0.0,-61.8,-0.3
19:53:01,85.55,0.0,-68.8,10.1
19:53:01,66.96,0.0,-69.1,13.5
19:53:01,43.53,0.0,-68.4,12.3
19:53:02,35.55,0.0,-57.3,15.4
19:53:02,27.5,0.0,-10.7,-0.1
19:53:02,15.47,45.2,0.0,-3.4
19:53:02,9.66,68.9,0.0,8.9
19:53:02,11.8,0.0,-6.4,40.1
19:53:02,18.66,5.0,0.0,64.3
19:53:02,22.41,0.0,-65.1,2.9
19:53:02,47.48,0.0,-67.6,-4.2
19:53:02,81.08,0.0,-74.7,-1.6
19:53:02,73.25,0.0,-61.9,2.3
19:53:03,50.68,0.0,-77.4,8.4
19:53:03,38.0,0.0,-50.7,18.4
19:53:03,26.93,0.0,-11.1,-0.4
19:53:03,15.4,18.3,0.0,-14.2
19:53:03,10.55,71.7,0.0,13.1
19:53:03,11.6,0.0,-16.5,41.3
19:53:03,16.91,14.6,0.0,70.9
19:53:03,21.03,0.0,-56.2,3.1
19:53:03,41.19,0.0,-62.9,-4.0
19:53:03,76.57,0.0,-67.2,7.2
19:53:04,73.74,0.0,-60.8,10.5
19:53:04,49.48,0.0,-63.6,5.8
19:53:04,37.34,0.0,-60.5,5.5
19:53:04,27.81,0.0,-16.1,-4.9
19:53:04,15.59,14.1,0.0,-14.5
19:53:04,10.01,82.6,0.0,1.6
19:53:04,10.21,0.0,-24.9,34.1
19:53:04,15.31,18.4,0.0,61.0
19:53:04,20.31,0.0,-56.4,5.3
19:53:04,39.75,0.0,-57.6,-3.8
19:53:05,79.87,0.0,-70.8,6.9
19:53:05,79.69,0.0,-57.9,4.9
19:53:05,54.51,0.0,-71.6,-4.9
19:53:05,38.97,0.0,-67.5,9.3
19:53:05,27.15,0.0,-15.3,0.5
19:53:05,14.65,12.1,0.0,-16.7
19:53:05,9.89,69.9,0.0,-2.8
19:53:05,11.34,0.0,-23.1,37.6
19:53:05,16.62,0.0,-6.1,64.8
19:53:06,20.62,0.0,-49.5,5.7
19:53:06,42.83,0.0,-61.8,-3.5
19:53:06,81.88,0.0,-72.7,12.7
19:53:06,74.11,0.0,-61.7,11.0
19:53:06,47.9,0.0,-64.5,13.3
19:53:06,38.17,0.0,-74.5,-0.2
19:53:06,30.24,0.0,-19.8,0.4
19:53:06,17.28,11.0,0.0,-11.8
19:53:06,10.88,69.2,0.0,-4.7
19:53:06,10.73,0.0,-12.8,35.5
19:53:06,15.43,0.0,-8.6,53.8
19:53:07,19.66,0.0,-34.2,-3.9
19:53:07,32.68,0.0,-67.5,-0.5
19:53:07,72.51,0.0,-71.5,5.9
19:53:07,76.54,0.0,-60.8,12.5
19:53:07,51.56,0.0,-67.3,10.0
19:53:07,37.11,0.0,-74.8,3.6
19:53:07,28.67,0.0,-34.2,-1.2
19:53:07,18.79,10.9,0.0,-1.4
19:53:07,12.17,73.1,0.0,-9.9
19:53:08,10.52,0.0,-18.0,26.7
19:53:08,15.26,15.0,0.0,53.6
19:53:08,19.98,0.0,-46.6,-0.0
19:53:08,30.4,0.0,-58.2,-5.5
19:53:08,67.85,0.0,-66.3,-0.1
19:53:08,83.73,0.0,-67.0,10.1
19:53:08,59.77,0.0,-70.2,10.0
19:53:08,40.52,0.0,-73.5,14.3
19:53:08,31.43,0.0,-41.2,-2.3
19:53:08,20.81,0.0,-5.7,-8.9
19:53:09,12.55,54.4,0.0,-16.3
19:53:09,9.66,0.0,-41.7,38.8
19:53:09,13.22,3.3,0.0,50.0
19:53:09,18.46,0.0,-3.7,49.4
19:53:09,23.9,0.0,-58.6,-4.3
19:53:09,55.4,0.0,-61.2,-4.5
19:53:09,87.23,0.0,-62.3,-2.8
19:53:09,70.54,0.0,-66.6,0.9
19:53:09,45.14,0.0,-84.4,3.2
19:53:09,32.17,0.0,-54.2,10.0
19:53:09,20.19,0.0,-12.3,1.2
19:53:10,12.38,34.7,0.0,-17.5
19:53:10,10.18,0.0,-74.4,2.4
19:53:10,12.23,0.0,-21.6,23.4
19:53:10,16.35,0.0,-2.6,60.3
19:53:10,20.01,0.0,-51.6,-3.5
19:53:10,39.83,0.0,-78.6,-1.8
19:53:10,79.86,0.0,-66.2,2.4
19:53:10,75.88,0.0,-59.6,7.3
19:53:10,47.82,0.0,-64.2,10.8
19:53:11,35.9,0.0,-66.1,6.1
19:53:11,28.94,0.0,-16.0,3.1
19:53:11,17.97,21.9,0.0,-12.1
19:53:11,10.91,79.0,0.0,-5.8
19:53:11,10.23,0.0,-2.8,28.9
19:53:11,15.48,0.0,-6.6,55.7
19:53:11,18.95,0.0,-45.3,-0.0
19:53:11,28.25,0.0,-62.0,-4.3
19:53:11,66.29,0.0,-58.1,-3.8
19:53:11,80.86,0.0,-63.9,5.2
19:53:12,56.43,0.0,-66.0,12.4
19:53:12,38.42,0.0,-75.2,14.0
19:53:12,32.52,0.0,-38.1,15.2
19:53:12,24.61,7.3,0.0,4.0
19:53:12,14.72,62.7,0.0,-14.9
19:53:12,10.4,0.0,-58.2,22.5
19:53:12,12.86,0.0,-3.5,40.9
19:53:12,18.57,0.0,-12.1,9.3
19:53:12,24.0,0.0,-58.2,-6.3
19:53:12,54.51,0.0,-69.2,-2.3
19:53:13,79.02,0.0,-60.5,3.7
19:53:13,58.4,0.0,-68.1,11.1
19:53:13,38.92,0.0,-69.7,11.9
19:53:13,33.38,0.0,-43.0,11.7
19:53:13,24.74,0.0,-2.8,1.3
19:53:13,14.39,42.7,0.0,-15.8
19:53:13,10.36,81.2,0.0,-5.6
19:53:13,11.17,0.0,-13.7,32.0
19:53:13,16.37,0.0,-16.0,61.3
19:53:13,20.18,0.0,-52.0,1.1
19:53:14,42.78,0.0,-62.1,-3.5
19:53:14,79.59,0.0,-69.1,8.9
19:53:14,70.78,0.0,-63.6,9.1
19:53:14,47.78,0.0,-63.1,9.5
19:53:14,37.67,0.0,-61.4,0.7
19:53:14,27.24,0.0,-9.4,-3.4
19:53:14,15.27,34.0,0.0,-5.7
19:53:14,10.27,85.0,0.0,3.2
19:53:14,10.84,0.0,-7.0,34.8
19:53:15,17.0,0.0,-9.5,55.1
19:53:15,20.74,0.0,-51.7,-3.7
19:53:15,38.62,0.0,-57.1,-8.2
19:53:15,74.41,0.0,-66.1,4.9
19:53:15,73.93,0.0,-62.4,11.5
19:53:15,49.85,0.0,-70.1,6.7
19:53:15,37.41,0.0,-69.2,10.1
19:53:15,29.37,0.0,-23.3,8.9
19:53:15,18.79,13.2,0.0,3.0
19:53:15,12.23,76.3,0.0,-1.8
19:53:16,10.28,0.0,-39.5,33.5
19:53:16,13.17,0.0,-5.6,32.3
19:53:16,18.1,0.0,-35.2,15.6
19:53:16,23.77,0.0,-61.8,-7.7
19:53:16,56.53,0.0,-66.4,-3.8
19:53:16,77.54,0.0,-71.7,8.5
19:53:16,56.59,0.0,-64.2,10.7
19:53:16,39.07,0.0,-76.9,5.7
19:53:16,33.32,0.0,-46.0,2.6
19:53:16,25.49,0.0,-10.5,4.4
19:53:17,15.38,33.0,0.0,-4.8
19:53:17,10.69,0.0,-84.9,1.7
19:53:17,11.81,0.0,-13.5,31.8
19:53:17,16.39,0.0,-5.2,76.2
19:53:17,20.5,0.0,-48.9,-3.2
19:53:17,41.01,0.0,-67.2,-4.7
19:53:17,79.36,0.0,-62.5,3.9
19:53:17,73.78,0.0,-68.1,9.9
19:53:17,49.72,0.0,-63.3,5.0
19:53:17,39.52,0.0,-75.3,8.8
19:53:18,32.34,0.0,-21.4,2.9
19:53:18,19.7,19.6,0.0,3.2
19:53:18,11.87,79.2,0.0,1.8
19:53:18,10.41,0.0,-15.5,35.7
19:53:18,14.56,0.0,-8.1,37.6
19:53:18,18.44,0.0,-35.0,-3.9
19:53:18,24.17,0.0,-59.2,-9.7
19:53:18,56.25,0.0,-64.2,-4.0
19:53:18,78.09,0.0,-63.7,8.0
19:53:18,58.38,0.0,-70.3,8.9
19:53:19,39.94,0.0,-81.7,4.4
19:53:19,34.5,0.0,-32.8,5.1
19:53:19,24.68,2.3,0.0,6.0
19:53:19,13.22,66.9,0.0,-10.5
19:53:19,9.89,0.0,-76.7,7.5
19:53:19,12.65,0.0,-6.6,25.1
19:53:19,18.1,0.0,-22.0,58.4
19:53:19,21.55,0.0,-58.9,-1.8
19:53:19,49.28,0.0,-61.0,-2.8
19:53:19,78.79,0.0,-69.2,7.1
19:53:20,63.24,0.0,-60.5,8.9
19:53:20,42.75,0.0,-66.8,7.8
19:53:20,34.65,0.0,-54.2,13.4
19:53:20,26.55,0.0,-10.0,10.0
19:53:20,15.67,40.1,0.0,-4.6
19:53:20,10.47,80.3,0.0,-7.4
19:53:20,10.87,0.0,-5.9,31.3
19:53:20,15.9,0.0,-16.1,57.7
19:53:20,19.69,0.0,-54.4,-3.2
19:53:20,34.16,0.0,-61.3,-6.8
19:53:21,71.12,0.0,-67.3,3.4
19:53:21,73.19,0.0,-63.3,9.9
19:53:21,50.49,0.0,-72.8,8.6
19:53:21,38.92,0.0,-59.9,12.4
19:53:21,31.66,0.0,-20.8,10.5
19:53:21,20.41,10.0,0.0,2.2
19:53:21,12.03,79.5,0.0,-7.1
19:53:21,11.06,0.0,-29.1,10.2
19:53:21,14.76,0.0,-12.3,37.4
19:53:21,18.58,0.0,-32.7,4.7
19:53:22,26.45,0.0,-57.2,-6.5
19:53:22,61.59,0.0,-71.2,2.0
19:53:22,75.61,0.0,-64.8,9.9
19:53:22,53.97,0.0,-73.0,9.9
19:53:22,41.44,0.0,-51.8,16.6
19:53:22,35.32,0.0,-29.2,16.7
19:53:22,23.77,5.3,0.0,8.3
19:53:22,13.15,70.3,0.0,-10.4
19:53:22,11.18,0.0,-34.1,18.9
19:53:22,14.65,0.0,-15.7,29.7
19:53:23,18.41,0.0,-19.3,-0.3
19:53:23,24.13,0.0,-59.2,-0.9
19:53:23,54.09,0.0,-58.6,-4.6
19:53:23,75.94,0.0,-63.2,4.5
19:53:23,58.62,0.0,-68.9,9.5
19:53:23,41.07,0.0,-58.0,15.1
19:53:23,32.29,0.0,-44.9,12.7
19:53:23,22.77,0.0,-11.7,9.4
19:53:23,13.41,62.2,0.0,-5.4
19:53:24,10.18,0.0,-58.4,25.2
19:53:24,12.76,0.0,-8.8,22.1
19:53:24,18.48,0.0,-11.0,73.8
19:53:24,20.73,0.0,-48.7,-3.8
19:53:24,40.62,0.0,-67.0,1.8
19:53:24,75.46,0.0,-61.9,12.4
19:53:24,64.18,0.0,-65.4,13.8
19:53:24,40.75,0.0,-64.6,9.5
19:53:24,32.75,0.0,-61.0,13.7
19:53:24,25.97,0.0,-17.7,10.8
19:53:25,15.55,40.6,0.0,4.6
19:53:25,10.88,69.0,0.0,-12.0
19:53:25,12.09,0.0,-14.2,25.2
19:53:25,17.06,0.0,-23.2,48.3
19:53:25,19.66,0.0,-48.4,-2.2
19:53:25,33.18,0.0,-65.8,-1.6
19:53:25,72.83,0.0,-69.2,3.5
19:53:25,76.7,0.0,-63.9,11.2
19:53:25,51.32,0.0,-70.0,10.0
19:53:25,38.01,0.0,-57.3,19.5
19:53:26,33.19,0.0,-30.5,20.3
19:53:26,24.25,1.8,0.0,5.6
19:53:26,13.97,64.5,0.0,-13.2
19:53:26,10.81,0.0,-25.6,33.8
19:53:26,15.06,0.0,-13.3,40.6
19:53:26,19.17,0.0,-17.7,2.7
19:53:26,24.9,0.0,-65.3,-1.3
19:53:26,61.81,0.0,-60.1,-2.7
19:53:26,85.71,0.0,-69.5,4.4
19:53:26,63.04,0.0,-68.0,7.1
19:53:27,42.15,0.0,-62.6,14.1
19:53:27,33.93,0.0,-35.8,22.8
19:53:27,24.12,0.0,-1.4,15.5
19:53:27,14.07,49.0,0.0,-19.7
19:53:27,10.5,0.0,-58.6,25.3
19:53:27,13.37,0.0,-19.2,28.7
19:53:27,18.06,0.0,-18.2,69.9
19:53:27,21.14,0.0,-50.0,-0.2
19:53:27,52.13,0.0,-72.9,3.9
19:53:27,88.34,0.0,-70.6,10.3
19:53:28,67.77,0.0,-70.6,14.6
19:53:28,43.1,0.0,-69.1,10.8
19:53:28,32.95,0.0,-54.9,10.9
19:53:28,22.76,0.0,-21.0,12.3
19:53:28,13.68,25.0,0.0,1.0
19:53:28,10.55,67.6,0.0,-16.3
19:53:28,11.89,0.0,-21.8,27.2
19:53:28,16.21,0.0,-20.1,49.7
19:53:28,18.75,0.0,-46.2,-1.6
19:53:28,33.1,0.0,-64.5,-2.3
19:53:29,77.47,0.0,-68.0,6.4
19:53:29,81.43,0.0,-61.7,12.5
19:53:29,50.77,0.0,-66.2,9.2
19:53:29,36.1,0.0,-55.5,16.3
19:53:29,28.65,0.0,-20.8,12.6
19:53:29,17.26,9.1,0.0,1.4
19:53:29,10.74,78.0,0.0,-10.3
19:53:29,10.62,0.0,-28.0,12.1
19:53:29,14.61,0.0,-21.4,34.7
19:53:29,18.09,0.0,-42.3,3.4
19:53:30,25.52,0.0,-62.6,1.1
19:53:30,58.87,0.0,-71.1,13.3
19:53:30,75.26,0.0,-62.5,22.1
19:53:30,53.54,0.0,-58.5,16.0
19:53:30,38.11,0.0,-58.6,18.3
19:53:30,29.36,0.0,-24.5,4.2
19:53:30,19.08,0.0,-8.8,4.2
19:53:30,12.75,47.7,0.0,-1.7
19:53:30,10.57,72.6,0.0,16.0
19:53:30,13.39,0.0,-23.8,32.6
19:53:31,18.02,0.0,-4.7,84.1
19:53:31,20.64,0.0,-63.5,1.1
19:53:31,45.47,0.0,-64.8,0.4
19:53:31,77.87,0.0,-62.4,11.1
19:53:31,64.14,0.0,-74.6,5.7
19:53:31,43.13,0.0,-63.9,5.5
19:53:31,35.46,0.0,-37.2,2.7
19:53:31,24.42,0.0,-8.7,2.8
19:53:31,13.36,55.5,0.0,-4.5
19:53:31,9.6,0.0,-66.0,13.3
19:53:32,12.62,0.0,-12.0,28.3
19:53:32,17.54,11.7,0.0,75.4
19:53:32,19.62,0.0,-54.4,-2.3
19:53:32,39.37,0.0,-64.9,2.2
19:53:32,72.07,0.0,-69.6,14.3
19:53:32,64.29,0.0,-64.3,13.9
19:53:32,44.38,0.0,-62.4,4.4
19:53:32,36.13,0.0,-41.1,4.8
19:53:32,27.59,0.0,-16.2,3.9
19:53:33,16.94,33.5,0.0,0.1
19:53:33,10.34,0.0,-76.0,-7.0
19:53:33,11.09,0.0,-9.2,20.5
19:53:33,15.77,0.0,-30.2,34.4
19:53:33,17.77,0.0,-45.2,-5.0
19:53:33,28.13,0.0,-62.3,-1.6
19:53:33,64.67,0.0,-65.1,8.3
19:53:33,72.17,0.0,-66.9,13.2
19:53:33,50.77,0.0,-68.7,4.6
19:53:33,39.65,0.0,-48.0,6.9
19:53:33,30.78,0.0,-24.3,5.2
19:53:34,17.95,23.3,0.0,9.0
19:53:34,10.1,74.8,0.0,-6.3
19:53:34,10.63,0.0,-13.4,24.0
19:53:34,15.96,0.0,-19.0,36.5
19:53:34,17.75,0.0,-30.7,-6.1
19:53:34,21.31,0.0,-57.7,-4.1
19:53:34,49.59,0.0,-64.6,2.8
19:53:34,73.07,0.0,-56.6,12.6
19:53:34,57.06,0.0,-68.2,7.6
19:53:35,41.16,0.0,-73.0,0.1
19:53:35,33.03,0.0,-32.3,0.7
19:53:35,21.99,0.0,-13.0,3.6
19:53:35,13.04,44.5,0.0,2.7
19:53:35,10.0,0.0,-76.4,7.3
19:53:35,11.67,0.0,-14.9,29.0
19:53:35,16.25,0.0,-13.5,57.2
19:53:35,19.21,0.0,-64.8,-1.0
19:53:35,36.13,0.0,-61.7,-2.7
19:53:35,67.02,0.0,-62.9,11.4
19:53:36,64.21,0.0,-64.0,14.3
19:53:36,45.94,0.0,-85.2,0.9
19:53:36,36.78,0.0,-38.8,6.3
19:53:36,27.0,0.0,-15.6,3.2
19:53:36,15.46,41.3,0.0,7.8
19:53:36,8.71,0.0,-62.2,-26.7
19:53:36,9.36,0.0,-10.9,33.6
19:53:36,15.72,0.0,-18.8,53.3
19:53:36,18.96,0.0,-52.3,-4.0
19:53:36,31.56,0.0,-59.9,-6.0
19:53:37,65.36,0.0,-67.8,2.6
19:53:37,73.65,0.0,-64.9,7.2
19:53:37,53.35,0.0,-71.9,0.4
19:53:37,38.73,0.0,-63.2,1.9
19:53:37,28.42,0.0,-23.5,2.8
19:53:37,15.95,20.6,0.0,-2.3
19:53:37,9.77,65.7,0.0,-22.7
19:53:37,10.49,0.0,-15.5,24.4
19:53:37,15.76,0.0,-37.5,32.2
19:53:37,18.68,0.0,-47.3,-4.2
19:53:38,29.25,0.0,-55.1,-4.8
19:53:38,65.29,0.0,-67.8,6.1
19:53:38,73.48,0.0,-63.6,14.9
19:53:38,51.63,0.0,-58.4,10.9
19:53:38,39.15,0.0,-70.1,7.5
19:53:38,32.47,0.0,-21.9,8.2
19:53:38,20.37,1.6,0.0,5.6
19:53:38,11.63,70.7,0.0,0.8
19:53:38,9.91,0.0,-29.2,13.9
19:53:38,13.62,0.0,-22.3,32.1
19:53:39,18.27,0.0,-17.6,20.4
19:53:39,21.16,0.0,-56.7,-0.4
19:53:39,45.77,0.0,-67.0,4.0
19:53:39,71.26,0.0,-66.3,17.4
19:53:39,58.1,0.0,-67.7,15.5
19:53:39,41.46,0.0,-70.8,10.8
19:53:39,34.18,0.0,-33.5,6.3
19:53:39,23.02,0.0,-13.3,6.3
19:53:39,13.88,36.6,0.0,-4.9
19:53:39,10.29,73.0,0.0,-6.8
19:53:40,12.11,0.0,-16.3,28.8
19:53:40,16.53,0.0,-22.8,61.7
19:53:40,19.2,0.0,-54.5,-1.4
19:53:40,34.36,0.0,-58.2,-3.7
19:53:40,70.0,0.0,-68.6,8.1
19:53:40,72.08,0.0,-65.2,10.9
19:53:40,51.06,0.0,-62.4,2.5
19:53:40,39.75,0.0,-59.6,1.6
19:53:40,32.23,0.0,-28.5,5.5
19:53:40,21.45,0.8,0.0,0.2
19:53:41,12.04,64.9,0.0,-17.2
19:53:41,10.73,0.0,-29.8,17.6
19:53:41,15.62,0.0,-27.6,29.0
19:53:41,17.92,0.0,-25.4,6.5
19:53:41,23.37,0.0,-59.7,-4.6
19:53:41,53.54,0.0,-64.6,-1.2
19:53:41,75.91,0.0,-63.7,11.1
19:53:41,58.56,0.0,-73.9,7.8
19:53:41,40.63,0.0,-71.6,15.3
19:53:42,32.91,0.0,-29.0,7.2
19:53:42,21.65,12.3,0.0,6.4
19:53:42,11.39,78.8,0.0,-9.2
19:53:42,10.08,0.0,-15.2,31.0
19:53:42,15.3,0.0,-20.4,38.6
19:53:42,18.7,0.0,-31.0,10.3
19:53:42,22.47,0.0,-60.2,-4.0
19:53:42,47.35,0.0,-60.8,-2.5
19:53:42,72.67,0.0,-64.7,8.8
19:53:42,61.24,0.0,-71.5,10.8
19:53:43,43.99,0.0,-66.0,9.6
19:53:43,36.09,0.0,-36.2,9.5
19:53:43,24.66,0.0,-4.9,4.9
19:53:43,13.46,53.2,0.0,-8.7
19:53:43,9.97,79.4,0.0,-2.8
19:53:43,12.82,0.0,-9.6,28.4
19:53:43,17.28,0.0,-7.7,65.1
19:53:43,18.7,0.0,-48.4,-1.0
19:53:43,35.34,0.0,-57.2,-3.9
19:53:43,67.67,0.0,-63.2,11.6
19:53:44,64.87,0.0,-62.3,7.1
19:53:44,46.87,0.0,-60.9,6.3
19:53:44,38.29,0.0,-47.0,3.5
19:53:44,30.24,0.0,-25.1,4.5
19:53:44,19.06,25.2,0.0,3.3
19:53:44,11.83,0.0,-71.3,-16.9
19:53:44,11.21,0.0,-22.9,11.9
19:53:44,14.99,0.0,-21.8,33.0
19:53:44,17.81,0.0,-43.2,1.2
19:53:44,24.49,0.0,-51.9,-6.1
19:53:45,54.91,0.0,-62.5,1.5
19:53:45,71.08,0.0,-67.7,14.3
19:53:45,52.0,0.0,-64.1,15.8
19:53:45,38.43,0.0,-53.8,14.7
19:53:45,33.31,0.0,-36.6,15.6
19:53:45,24.0,0.0,-1.2,8.6
19:53:45,13.54,63.0,0.0,-12.7
19:53:45,11.02,0.0,-47.6,21.0
19:53:45,14.75,0.0,-18.3,30.3
19:53:45,18.38,0.0,-22.9,63.2
19:53:46,20.62,0.0,-46.7,-0.6
19:53:46,41.66,0.0,-68.6,3.7
19:53:46,70.44,0.0,-70.4,13.2
19:53:46,59.27,0.0,-65.3,12.1
19:53:46,42.23,0.0,-59.6,9.6
19:53:46,36.36,0.0,-46.5,8.9
19:53:46,29.18,0.0,-16.4,4.9
19:53:46,18.55,29.8,0.0,8.6
19:53:46,11.45,0.0,-74.6,-12.2
19:53:46,11.44,0.0,-10.7,21.1
19:53:47,17.29,0.0,-2.8,47.4
19:53:47,19.69,0.0,-50.2,-7.0
19:53:47,31.3,0.0,-65.7,-3.8
19:53:47,64.77,0.0,-68.4,2.6
19:53:47,69.09,0.0,-63.5,11.5
19:53:47,48.18,0.0,-65.5,3.5
19:53:47,37.47,0.0,-56.5,6.5
19:53:47,29.39,0.0,-17.1,9.6
19:53:47,17.66,25.0,0.0,-1.6
19:53:47,11.07,0.0,-69.7,-18.4
19:53:48,10.5,0.0,-13.3,24.7
19:53:48,15.04,0.0,-4.1,45.4
19:53:48,18.38,0.0,-36.6,-0.8
19:53:48,26.56,0.0,-58.5,-6.6
19:53:48,59.84,0.0,-75.6,7.0
19:53:48,68.96,0.0,-64.2,12.3
19:53:48,46.49,0.0,-63.3,11.7
19:53:48,33.78,0.0,-49.8,14.0
19:53:48,27.35,0.0,-27.1,2.8
19:53:48,18.77,5.8,0.0,-3.9
19:53:49,12.18,70.2,0.0,-6.2
19:53:49,10.03,0.0,-50.3,2.2
19:53:49,12.24,0.0,-11.1,25.0
19:53:49,16.59,11.5,0.0,69.3
19:53:49,20.54,0.0,-51.5,-0.7
19:53:49,43.27,0.0,-72.7,2.0
19:53:49,72.39,0.0,-71.6,11.6
19:53:49,58.19,0.0,-61.3,11.2
19:53:49,40.14,0.0,-52.1,12.6
19:53:49,34.65,0.0,-49.1,14.2
19:53:50,27.55,0.0,-14.5,10.4
19:53:50,16.96,40.4,0.0,5.5
19:53:50,11.06,0.0,-80.9,-7.7
19:53:50,11.81,0.0,-12.0,23.2
19:53:50,16.78,0.0,-13.4,53.0
19:53:50,19.48,0.0,-44.1,-3.9
19:53:50,29.9,0.0,-57.2,-4.9
19:53:50,64.41,0.0,-66.8,5.4
19:53:50,71.67,0.0,-62.1,10.3
19:53:51,48.77,0.0,-63.5,7.4
19:53:51,37.89,0.0,-67.5,7.8
19:53:51,32.18,0.0,-34.3,9.0
19:53:51,21.3,0.0,-8.1,8.5
19:53:51,13.8,46.1,0.0,-16.1
19:53:51,11.75,0.0,-66.9,16.8
19:53:51,14.08,0.0,-19.4,34.6
19:53:51,17.79,4.2,0.0,52.5
19:53:51,22.57,0.0,-51.8,-1.8
19:53:51,47.56,0.0,-63.1,1.2
19:53:51,70.98,0.0,-71.4,14.3
19:53:52,58.5,0.0,-64.5,13.4
19:53:52,40.98,0.0,-54.8,6.8
19:53:52,35.18,0.0,-46.8,11.8
19:53:52,27.31,0.0,-14.1,10.3
19:53:52,16.6,27.1,0.0,-1.9
19:53:52,11.78,79.7,0.0,-9.0
19:53:52,12.16,0.0,-15.0,18.5
19:53:52,16.09,17.8,0.0,64.3
19:53:52,19.44,0.0,-43.7,-4.7
19:53:53,33.4,0.0,-63.3,-2.2
19:53:53,65.26,0.0,-62.7,7.0
19:53:53,65.23,0.0,-63.3,9.2
19:53:53,45.6,0.0,-67.2,2.9
19:53:53,37.25,0.0,-48.2,9.8
19:53:53,31.04,0.0,-23.8,7.4
19:53:53,19.39,12.7,0.0,3.1
19:53:53,12.01,0.0,-73.3,-15.0
19:53:53,11.23,0.0,-18.6,9.5
19:53:53,15.16,0.0,-16.9,41.7
19:53:54,17.95,0.0,-40.2,-1.2
19:53:54,24.82,0.0,-61.2,-4.1
19:53:54,56.04,0.0,-66.8,1.0
19:53:54,71.87,0.0,-62.4,9.6
19:53:54,53.38,0.0,-74.5,3.6
19:53:54,38.82,0.0,-50.4,5.4
19:53:54,32.33,0.0,-31.4,6.2
19:53:54,22.9,0.0,-3.2,3.0
19:53:54,13.86,45.7,0.0,-16.9
19:53:54,10.29,0.0,-45.9,4.9
19:53:55,13.02,0.0,-21.0,31.6
19:53:55,17.22,0.0,-21.5,65.7
19:53:55,20.32,0.0,-61.0,-0.2
19:53:55,42.53,0.0,-66.1,-2.5
19:53:55,70.66,0.0,-64.3,6.8
19:53:55,59.58,0.0,-70.7,7.4
19:53:55,41.18,0.0,-66.0,8.0
19:53:55,34.26,0.0,-42.9,10.0
19:53:55,25.65,0.0,-12.3,7.7
19:53:55,14.8,35.4,0.0,-12.0
19:53:56,10.35,0.0,-75.9,-12.0
19:53:56,12.25,0.0,-14.2,22.2
19:53:56,16.77,0.0,-0.3,65.5
19:53:56,19.14,0.0,-47.9,-4.3
19:53:56,33.3,0.0,-62.2,-3.5
19:53:56,67.85,0.0,-67.4,10.7
19:53:56,67.69,0.0,-63.8,13.3
19:53:56,45.89,0.0,-66.2,12.0
19:53:56,36.5,0.0,-52.2,19.4
19:53:56,28.09,0.0,-16.7,8.4
19:53:57,16.72,15.1,0.0,-4.4
19:53:57,10.76,84.5,0.0,-4.1
19:53:57,10.62,0.0,-18.2,25.0
19:53:57,14.88,0.0,-19.4,45.7
19:53:57,18.25,0.0,-39.7,-7.4
19:53:57,29.35,0.0,-63.0,-4.6
19:53:57,69.59,0.0,-69.3,5.3
19:53:57,79.58,0.0,-64.1,6.9
19:53:57,54.63,0.0,-72.1,7.9
19:53:57,39.82,0.0,-63.3,14.0
19:53:58,32.2,0.0,-36.6,10.1
19:53:58,22.47,0.7,0.0,-1.9
19:53:58,13.25,61.1,0.0,-5.4
19:53:58,10.24,0.0,-61.0,24.9
19:53:58,11.97,0.0,-10.7,35.9
19:53:58,17.12,17.8,0.0,58.9
19:53:58,22.48,0.0,-59.0,-4.5
19:53:58,51.85,0.0,-61.9,-4.5
19:53:58,80.93,0.0,-63.1,6.2
19:53:58,61.08,0.0,-55.7,10.4
19:53:59,39.53,0.0,-56.5,11.1
19:53:59,31.45,0.0,-55.9,14.3
19:53:59,25.43,0.0,-20.0,10.1
19:53:59,17.28,12.8,0.0,1.0
19:53:59,11.72,72.4,0.0,-3.2
19:53:59,9.91,0.0,-27.6,37.3
19:53:59,13.76,0.0,-17.1,54.3
19:53:59,19.44,0.0,-47.5,-8.3
19:53:59,35.89,0.0,-61.1,-7.9
19:54:00,74.65,0.0,-61.4,2.8
19:54:00,77.55,0.0,-62.5,8.4
19:54:00,50.37,0.0,-62.8,17.5
19:54:00,35.39,0.0,-67.7,15.6
19:54:00,29.17,0.0,-24.7,11.4
19:54:00,19.65,13.0,0.0,3.8
19:54:00,11.49,81.1,0.0,-4.2
19:54:00,9.18,0.0,-36.1,34.7
19:54:00,13.38,0.0,-20.1,41.6
19:54:00,19.55,0.0,-37.5,-3.0
19:54:00,30.22,0.0,-61.2,-4.7
19:54:01,69.98,0.0,-69.6,3.8
19:54:01,82.92,0.0,-71.4,13.2
19:54:01,56.1,0.0,-68.7,15.4
19:54:01,38.27,0.0,-58.3,14.6
19:54:01,31.63,0.0,-53.4,8.4
19:54:01,23.67,0.0,-8.2,1.3
19:54:01,14.19,66.6,0.0,0.9
19:54:01,10.92,0.0,-46.6,15.5
19:54:01,13.38,0.0,-18.9,44.0
19:54:02,17.37,34.7,0.0,5.3
19:54:02,23.38,0.0,-68.7,2.3
19:54:02,53.77,0.0,-64.8,-3.6
19:54:02,85.86,0.0,-67.0,3.2
19:54:02,67.33,0.0,-56.8,12.0
19:54:02,41.14,0.0,-70.9,10.1
19:54:02,31.09,0.0,-50.8,15.5
19:54:02,26.32,0.0,-13.8,11.2
19:54:02,17.68,27.6,0.0,-8.3
19:54:02,10.95,76.4,0.0,0.1
19:54:03,11.08,0.0,-17.5,29.2
19:54:03,16.01,0.0,-13.3,48.4
19:54:03,19.96,0.0,-46.6,-4.7
19:54:03,40.8,0.0,-64.9,-1.3
19:54:03,83.25,0.0,-71.3,7.8
19:54:03,75.75,0.0,-56.2,6.3
19:54:03,48.54,0.0,-56.9,15.4
19:54:03,36.02,0.0,-63.9,15.6
19:54:03,28.11,0.0,-28.3,11.1
19:54:03,19.19,6.3,0.0,2.5
19:54:04,12.11,66.9,0.0,-5.8
19:54:04,10.89,0.0,-27.1,34.4
19:54:04,14.53,0.0,-24.7,43.0
19:54:04,18.11,0.0,-33.0,-0.2
19:54:04,27.84,0.0,-60.3,-3.0
19:54:04,64.19,0.0,-65.7,0.2
19:54:04,82.13,0.0,-61.8,8.9
19:54:04,60.08,0.0,-60.6,16.4
19:54:04,39.46,0.0,-79.1,8.6
19:54:04,32.59,0.0,-40.0,6.7
19:54:05,24.98,0.0,-8.6,6.6
19:54:05,15.82,42.7,0.0,-1.6
19:54:05,11.45,0.0,-65.4,18.3
19:54:05,12.76,0.0,-5.6,42.6
19:54:05,16.67,20.0,0.0,25.7
19:54:05,19.58,0.0,-42.8,-3.6
19:54:05,49.36,0.0,-79.4,0.3
19:54:05,82.2,0.0,-59.7,1.8
19:54:05,63.06,0.0,-56.0,10.5
19:54:05,40.73,0.0,-72.9,11.2
19:54:06,32.63,0.0,-47.8,14.7
19:54:06,25.62,0.0,-12.8,3.3
19:54:06,15.5,36.3,0.0,6.6
19:54:06,10.99,0.0,-77.0,9.4
19:54:06,11.67,0.0,-21.8,38.3
19:54:06,15.78,3.9,0.0,57.2
19:54:06,20.83,0.0,-51.0,5.9
19:54:06,41.43,0.0,-59.5,-5.9
19:54:06,79.61,0.0,-58.4,2.7
19:54:06,77.33,0.0,-56.9,9.5
19:54:07,49.84,0.0,-70.9,10.7
19:54:07,35.19,0.0,-65.5,11.3
19:54:07,30.08,0.0,-26.1,7.8
19:54:07,19.8,13.1,0.0,-2.7
19:54:07,11.68,79.1,0.0,3.0
19:54:07,10.21,0.0,-20.2,34.2
19:54:07,13.81,0.0,-14.5,56.6
19:54:07,18.49,0.0,-34.4,5.2
19:54:07,27.02,0.0,-56.7,-3.7
19:54:07,61.94,0.0,-62.1,0.0
19:54:08,81.67,0.0,-66.5,6.3
19:54:08,59.71,0.0,-64.8,13.5
19:54:08,39.68,0.0,-71.7,18.0
19:54:08,32.14,0.0,-40.3,6.2
19:54:08,23.53,0.0,-3.8,1.3
19:54:08,14.5,56.2,0.0,-0.3
19:54:08,10.52,0.0,-58.7,21.6
19:54:08,12.43,0.0,-11.7,43.0
19:54:08,17.3,21.4,0.0,65.9
19:54:08,21.56,0.0,-61.6,-0.9
19:54:09,51.6,0.0,-63.0,-3.7
19:54:09,86.97,0.0,-65.6,7.4
19:54:09,71.43,0.0,-55.6,12.8
19:54:09,46.99,0.0,-59.8,11.4
19:54:09,38.25,0.0,-52.2,8.9
19:54:09,29.05,0.0,-11.6,4.7
19:54:09,16.14,20.5,0.0,-3.3
19:54:09,10.88,71.1,0.0,3.4
19:54:09,10.93,0.0,-15.4,33.0
19:54:09,15.18,0.0,-15.0,55.5
19:54:10,19.3,0.0,-44.8,-4.0
19:54:10,38.19,0.0,-59.3,-7.3
19:54:10,83.12,0.0,-66.6,1.3
19:54:10,85.98,0.0,-58.2,8.8
19:54:10,55.8,0.0,-67.1,15.3
19:54:10,38.19,0.0,-66.9,10.1
19:54:10,30.47,0.0,-37.9,4.5
19:54:10,20.04,0.0,-3.1,-9.6
19:54:10,11.74,49.8,0.0,-13.2
19:54:11,9.34,0.0,-47.6,35.5
19:54:11,11.73,0.0,-13.0,44.2
19:54:11,16.52,0.0,-19.3,40.6
19:54:11,22.8,0.0,-52.3,-8.1
19:54:11,52.9,0.0,-58.9,-6.3
19:54:11,82.98,0.0,-57.4,3.6
19:54:11,66.53,0.0,-66.9,0.2
19:54:11,42.61,0.0,-77.9,-2.7
19:54:11,34.72,0.0,-55.2,6.6
19:54:11,25.94,0.0,-16.6,6.1
19:54:12,14.42,32.6,0.0,-7.4
19:54:12,9.98,0.0,-79.4,3.0
19:54:12,11.82,0.0,-11.8,32.0
19:54:12,16.07,0.0,-17.0,56.7
19:54:12,19.61,0.0,-46.0,-6.8
19:54:12,40.53,0.0,-59.1,-3.0
19:54:12,79.01,0.0,-67.2,2.8
19:54:12,70.65,0.0,-58.7,8.1
19:54:12,46.16,0.0,-67.2,16.0
19:54:12,35.46,0.0,-44.9,16.7
19:54:13,28.2,0.0,-16.0,6.8
19:54:13,16.77,10.4,0.0,-9.7
19:54:13,11.22,72.8,0.0,-4.0
19:54:13,10.96,0.0,-21.3,33.4
19:54:13,14.76,0.0,-14.9,54.0
19:54:13,18.96,0.0,-44.8,-3.4
19:54:13,33.46,0.0,-57.9,-7.9
19:54:13,73.24,0.0,-69.2,1.5
19:54:13,80.8,0.0,-57.2,4.7
19:54:13,53.78,0.0,-65.7,3.2
19:54:14,36.06,0.0,-60.8,10.0
19:54:14,27.03,0.0,-33.0,11.7
19:54:14,17.12,0.0,-3.5,-4.9
19:54:14,10.34,42.9,0.0,-17.8
19:54:14,10.36,0.0,-51.5,19.7
19:54:14,13.96,0.0,-27.5,38.2
19:54:14,17.29,0.0,-12.9,10.0
19:54:14,23.55,0.0,-67.0,1.0
19:54:14,58.37,0.0,-62.4,-3.5
19:54:14,84.69,0.0,-65.3,6.5
19:54:15,62.47,0.0,-67.9,6.3
19:54:15,39.24,0.0,-69.7,11.9
19:54:15,30.38,0.0,-40.9,11.4
19:54:15,20.23,0.0,-4.7,0.7
19:54:15,11.57,42.1,0.0,-16.6
19:54:15,9.86,0.0,-60.6,19.1
19:54:15,12.85,0.0,-15.6,38.7
19:54:15,17.59,5.0,0.0,76.0
19:54:15,21.65,0.0,-46.6,-2.5
19:54:15,45.21,0.0,-66.3,-4.1
19:54:16,76.43,0.0,-66.4,3.8
19:54:16,63.6,0.0,-57.8,5.9
19:54:16,40.63,0.0,-76.8,8.4
19:54:16,30.59,0.0,-47.9,13.4
19:54:16,22.38,0.0,-12.9,6.4
19:54:16,13.0,28.7,0.0,-11.0
19:54:16,9.55,82.9,0.0,3.9
19:54:16,11.07,0.0,-14.7,27.3
19:54:16,15.56,0.0,-19.7,66.1
19:54:16,18.83,0.0,-56.4,0.7
19:54:17,36.53,0.0,-58.6,-6.8
19:54:17,71.84,0.0,-71.2,0.6
19:54:17,72.13,0.0,-62.0,11.0
19:54:17,49.43,0.0,-62.4,10.1
19:54:17,36.2,0.0,-52.5,13.1
19:54:17,27.23,0.0,-22.6,8.4
19:54:17,16.62,6.9,0.0,-3.2
19:54:17,11.3,75.7,0.0,-8.6
19:54:17,10.49,0.0,-42.5,20.2
19:54:18,12.92,0.0,-16.2,31.3
19:54:18,17.38,0.0,-4.4,32.8
19:54:18,21.45,0.0,-54.3,-4.4
19:54:18,49.06,0.0,-69.7,-5.0
19:54:18,82.61,0.0,-56.7,6.3
19:54:18,65.82,0.0,-66.7,13.0
19:54:18,40.85,0.0,-64.4,10.9
19:54:18,31.15,0.0,-40.2,5.1
19:54:18,22.29,0.0,-13.1,-2.6
19:54:18,12.42,47.3,0.0,-8.2
19:54:18,9.78,0.0,-64.9,0.1
19:54:19,11.53,0.0,-18.8,32.3
19:54:19,15.19,0.0,-25.4,60.0
19:54:19,19.21,0.0,-47.2,-4.4
19:54:19,36.57,0.0,-58.6,-3.4
19:54:19,71.86,0.0,-69.1,8.7
19:54:19,71.1,0.0,-60.1,11.7
19:54:19,50.43,0.0,-66.1,5.3
19:54:19,40.0,0.0,-46.8,5.5
19:54:19,29.48,0.0,-11.5,0.7
19:54:20,15.18,30.9,0.0,-4.0
19:54:20,10.63,88.5,0.0,0.0
19:54:20,11.76,0.0,-15.5,28.3
19:54:20,16.14,0.0,-9.8,64.8
19:54:20,19.27,0.0,-45.7,-8.3
19:54:20,30.22,0.0,-57.6,-5.4
19:54:20,62.46,0.0,-68.0,3.3
19:54:20,69.97,0.0,-57.3,7.7
19:54:20,50.47,0.0,-63.1,6.6
19:54:20,37.11,0.0,-56.9,13.5
19:54:21,27.22,0.0,-21.1,8.6
19:54:21,15.77,6.4,0.0,-4.1
19:54:21,11.23,73.8,0.0,-10.6
19:54:21,11.32,0.0,-27.3,26.7
19:54:21,14.4,0.0,-19.0,34.7
19:54:21,18.11,0.0,-18.4,42.7
19:54:21,21.27,0.0,-47.1,-5.1
19:54:21,43.78,0.0,-56.1,-2.5
19:54:21,70.78,0.0,-62.6,10.9
19:54:21,59.81,0.0,-64.5,15.4
19:54:22,40.88,0.0,-60.9,16.7
19:54:22,31.98,0.0,-43.9,18.0
19:54:22,23.36,0.0,-11.1,3.9
19:54:22,13.99,20.2,0.0,-7.1
19:54:22,10.85,0.0,-85.7,-3.1
19:54:22,10.78,0.0,-21.2,23.8
19:54:22,14.04,0.0,-13.1,44.8
19:54:22,18.29,0.0,-29.1,5.8
19:54:22,24.98,0.0,-50.8,-3.8
19:54:23,58.07,0.0,-67.9,3.2
19:54:23,72.61,0.0,-56.5,8.1
19:54:23,50.08,0.0,-60.1,17.2
19:54:23,34.76,0.0,-61.1,16.3
19:54:23,29.42,0.0,-24.2,10.9
19:54:23,20.52,15.9,0.0,4.3
19:54:23,11.75,77.3,0.0,-6.5
19:54:23,10.89,0.0,-20.4,23.9
19:54:23,15.2,0.0,-18.6,36.2
19:54:23,18.73,0.0,-30.8,-8.7
19:54:23,23.63,0.0,-57.1,-0.8
19:54:24,50.93,0.0,-53.8,0.5
19:54:24,73.43,0.0,-61.8,8.5
19:54:24,58.93,0.0,-64.6,14.1
19:54:24,39.48,0.0,-64.6,13.2
19:54:24,32.63,0.0,-37.8,11.8
19:54:24,23.51,0.0,-9.3,2.4
19:54:24,13.11,48.2,0.0,-6.5
19:54:24,10.06,0.0,-65.6,-9.8
19:54:24,11.97,0.0,-10.2,26.2
19:54:24,16.82,0.0,-25.1,50.2
19:54:25,18.16,0.0,-32.2,-2.3
19:54:25,32.23,0.0,-69.0,6.1
19:54:25,69.06,0.0,-66.4,12.3
19:54:25,64.24,0.0,-63.8,13.8
19:54:25,43.19,0.0,-52.6,14.5
19:54:25,34.64,0.0,-46.4,9.8
19:54:25,25.11,0.0,-11.9,-1.9
19:54:25,13.93,46.3,0.0,6.3
19:54:25,10.29,0.0,-64.9,3.7
19:54:25,11.19,0.0,-23.4,20.5
19:54:26,14.95,0.0,-23.5,40.1
19:54:26,18.09,0.0,-32.3,-8.1
19:54:26,28.34,0.0,-57.6,-6.3
19:54:26,64.4,0.0,-67.2,0.4
19:54:26,72.67,0.0,-58.4,8.6
19:54:26,50.0,0.0,-62.3,18.2
19:54:26,37.09,0.0,-54.9,21.8
19:54:26,28.4,0.0,-15.0,0.2
19:54:26,15.78,35.0,0.0,7.1
19:54:26,9.68,0.0,-62.9,-6.7
19:54:27,10.11,0.0,-13.3,26.6
19:54:27,14.99,0.0,-19.4,48.4
19:54:27,18.8,0.0,-39.5,-3.7
19:54:27,25.79,0.0,-54.1,-8.8
19:54:27,60.21,0.0,-62.0,3.9
19:54:27,76.82,0.0,-63.7,14.9
19:54:27,54.3,0.0,-63.7,17.6
19:54:27,38.57,0.0,-58.9,20.2
19:54:27,32.71,0.0,-31.0,9.6
19:54:27,22.3,9.2,0.0,-1.8
19:54:28,11.81,75.1,0.0,2.1
19:54:28,9.55,0.0,-37.7,10.9
19:54:28,12.23,0.0,-16.7,30.6
19:54:28,17.51,0.0,-9.9,31.3
19:54:28,22.23,0.0,-60.7,-0.4
19:54:28,47.34,0.0,-56.1,0.1
19:54:28,76.75,0.0,-60.7,13.1
19:54:28,64.65,0.0,-57.0,19.8
19:54:28,44.08,0.0,-60.4,17.4
19:54:29,36.8,0.0,-37.3,19.0
19:54:29,27.72,0.0,-6.4,2.2
19:54:29,15.3,29.5,0.0,-5.2
19:54:29,11.25,0.0,-75.7,-9.4
19:54:29,11.86,0.0,-13.0,26.5
19:54:29,16.2,0.0,-1.8,62.2
19:54:29,19.32,0.0,-40.1,-6.1
19:54:29,26.05,0.0,-57.2,-5.0
19:54:29,55.29,0.0,-61.1,3.0
19:54:29,66.99,0.0,-55.3,14.9
19:54:30,48.99,0.0,-70.6,16.2
19:54:30,36.7,0.0,-48.7,7.2
19:54:30,29.76,0.0,-17.1,-0.5
19:54:30,17.5,22.2,0.0,-0.7
19:54:30,11.37,0.0,-84.5,-2.1
19:54:30,11.16,0.0,-29.2,26.5
19:54:30,14.14,0.0,-30.0,36.6
19:54:30,18.41,0.0,-29.4,13.0
19:54:30,22.63,0.0,-53.6,-3.2
19:54:30,48.12,0.0,-59.4,3.3
19:54:31,75.48,0.0,-64.6,16.8
19:54:31,62.23,0.0,-61.4,21.4
19:54:31,42.63,0.0,-57.3,19.5
19:54:31,34.8,0.0,-29.5,8.3
19:54:31,24.71,0.7,0.0,0.1
19:54:31,14.04,64.7,0.0,4.1
19:54:31,10.94,0.0,-58.3,-2.1
19:54:31,12.32,0.0,-15.6,19.9
19:54:31,16.67,0.0,-23.8,57.8
19:54:32,19.1,0.0,-45.4,-2.3
19:54:32,31.72,0.0,-56.1,-1.9
19:54:32,67.61,0.0,-63.8,17.0
19:54:32,72.16,0.0,-55.2,20.8
19:54:32,48.23,0.0,-61.3,19.8
19:54:32,37.44,0.0,-52.2,14.5
19:54:32,28.47,0.0,-8.2,-2.6
19:54:32,15.65,44.6,0.0,-0.7
19:54:32,10.25,0.0,-53.7,0.2
19:54:32,11.63,0.0,-25.4,25.9
19:54:32,15.4,0.0,-9.3,55.7
19:54:33,18.65,0.0,-37.9,2.5
19:54:33,29.48,0.0,-56.9,-3.0
19:54:33,63.8,0.0,-59.8,6.3
19:54:33,73.09,0.0,-58.3,19.8
19:54:33,50.58,0.0,-63.6,18.9
19:54:33,37.19,0.0,-43.1,14.2
19:54:33,29.36,0.0,-16.9,1.9
19:54:33,16.01,27.9,0.0,7.8
19:54:33,10.54,0.0,-76.3,-8.5
19:54:33,10.85,0.0,-21.9,30.8
19:54:34,14.78,0.0,-25.1,44.5
19:54:34,18.04,0.0,-35.0,16.1
19:54:34,21.73,0.0,-56.5,-1.2
19:54:34,47.87,0.0,-58.6,0.7
19:54:34,74.15,0.0,-65.2,11.0
19:54:34,62.31,0.0,-63.3,9.4
19:54:34,45.85,0.0,-71.1,10.5
19:54:34,36.14,0.0,-35.5,5.2
19:54:34,22.08,0.4,0.0,1.6
19:54:34,11.92,54.7,0.0,-1.9
19:54:35,10.36,0.0,-62.9,-2.1
19:54:35,12.52,0.0,-15.4,26.7
19:54:35,16.9,0.1,0.0,87.7
19:54:35,19.71,0.0,-44.4,-5.2
19:54:35,34.68,0.0,-56.6,-5.7
19:54:35,70.83,0.0,-64.6,4.6
19:54:35,73.63,0.0,-58.0,13.5
19:54:35,51.36,0.0,-59.5,15.8
19:54:35,39.55,0.0,-46.8,9.9
19:54:35,30.27,0.0,-18.7,9.4
19:54:36,18.38,15.2,0.0,4.7
19:54:36,11.37,78.3,0.0,-7.3
19:54:36,11.61,0.0,-25.0,26.0
19:54:36,15.82,0.0,-22.3,43.1
19:54:36,18.34,0.0,-42.8,-5.4
19:54:36,25.96,0.0,-58.4,-4.0
19:54:36,59.6,0.0,-53.7,0.8
19:54:36,73.74,0.0,-60.1,6.7
19:54:36,54.45,0.0,-64.9,12.0
19:54:36,37.99,0.0,-60.8,5.2
19:54:37,32.33,0.0,-44.9,1.4
19:54:37,24.97,0.0,-12.5,2.1
19:54:37,14.94,43.8,0.0,1.4
19:54:37,10.46,0.0,-65.4,4.7
19:54:37,12.62,0.0,-17.7,30.0
19:54:37,17.54,0.0,-2.8,74.1
19:54:37,20.97,0.0,-46.5,-2.8
19:54:37,39.56,0.0,-60.1,-4.0
19:54:37,72.02,0.0,-62.5,5.6
19:54:38,66.17,0.0,-59.6,8.8
19:54:38,46.19,0.0,-60.4,9.2
19:54:38,37.56,0.0,-50.9,8.3
19:54:38,27.36,0.0,-10.0,2.4
19:54:38,14.26,31.9,0.0,-1.9
19:54:38,10.44,0.0,-67.5,-4.9
19:54:38,10.78,0.0,-22.3,29.8
19:54:38,15.49,0.0,-18.6,64.3
19:54:38,19.59,0.0,-37.4,-0.5
19:54:38,28.15,0.0,-58.1,-3.4
19:54:38,58.57,0.0,-59.5,6.6
19:54:39,67.94,0.0,-58.7,14.3
19:54:39,48.47,0.0,-69.4,14.3
19:54:39,36.02,0.0,-49.8,8.3
19:54:39,27.49,0.0,-17.8,2.7
19:54:39,16.22,17.3,0.0,-1.0
19:54:39,11.49,0.0,-79.1,-7.9
19:54:39,10.96,0.0,-33.5,8.6
19:54:39,13.68,0.0,-27.5,34.0
19:54:39,17.4,0.0,-18.2,5.7
19:54:40,23.43,0.0,-57.0,-0.1
19:54:40,50.68,0.0,-64.3,5.3
19:54:40,71.08,0.0,-66.1,13.2
19:54:40,55.9,0.0,-61.8,17.3
19:54:40,41.57,0.0,-62.1,11.9
19:54:40,33.92,0.0,-33.6,-3.1
19:54:40,20.35,0.0,-3.5,-2.1
19:54:40,12.6,48.1,0.0,2.3
19:54:40,10.78,0.0,-51.2,-0.2
19:54:40,11.81,0.0,-25.0,18.0
19:54:41,15.95,0.0,-4.9,83.1
19:54:41,19.56,0.0,-45.6,-3.1
19:54:41,36.18,0.0,-56.8,-2.2
19:54:41,70.88,0.0,-62.5,9.8
19:54:41,69.68,0.0,-61.4,15.2
19:54:41,49.31,0.0,-69.9,14.8
19:54:41,39.71,0.0,-40.1,8.3
19:54:41,29.41,0.0,-11.6,4.2
19:54:41,16.81,31.7,0.0,-2.5
19:54:41,10.33,0.0,-77.2,-9.3
19:54:42,9.83,0.0,-28.5,22.8
19:54:42,13.9,0.0,-9.2,42.8
19:54:42,19.29,0.0,-42.7,-1.6
19:54:42,30.14,0.0,-48.2,-9.4
19:54:42,63.16,0.0,-68.8,6.6
19:54:42,76.61,0.0,-66.4,15.6
19:54:42,54.86,0.0,-61.8,19.7
19:54:42,38.44,0.0,-62.2,17.0
19:54:42,32.07,0.0,-20.2,12.2
19:54:42,20.49,12.7,0.0,4.3
19:54:43,11.02,76.1,0.0,-4.8
19:54:43,9.51,0.0,-42.0,21.4
19:54:43,13.46,0.0,-24.0,38.8
19:54:43,18.88,0.0,-42.0,-3.9
19:54:43,26.22,0.0,-53.5,-6.7
19:54:43,55.67,0.0,-64.7,4.6
19:54:43,71.99,0.0,-64.2,15.7
19:54:43,54.98,0.0,-71.5,18.1
19:54:43,40.31,0.0,-54.5,28.0
19:54:43,34.46,0.0,-24.5,14.9
19:54:44,22.85,0.0,-0.3,6.7
19:54:44,12.26,61.3,0.0,-1.2
19:54:44,10.0,0.0,-55.7,4.3
19:54:44,12.69,0.0,-25.0,27.9
19:54:44,17.46,0.0,-13.6,30.6
19:54:44,21.97,0.0,-51.6,-6.8
19:54:44,48.89,0.0,-63.7,-1.1
19:54:44,80.63,0.0,-66.8,12.1
19:54:44,68.09,0.0,-68.1,16.0
19:54:45,45.48,0.0,-66.0,16.6
19:54:45,35.56,0.0,-43.1,14.4
19:54:45,27.24,0.0,-9.4,5.0
19:54:45,15.63,39.2,0.0,-4.1
19:54:45,10.49,0.0,-78.5,-1.9
19:54:45,11.2,0.0,-18.2,26.9
19:54:45,15.82,0.0,-30.4,58.6
19:54:45,18.87,0.0,-50.6,-3.5
19:54:45,30.16,0.0,-55.6,-8.6
19:54:45,67.18,0.0,-63.8,-0.7
19:54:45,76.17,0.0,-52.5,9.7
19:54:46,54.9,0.0,-65.6,14.7
19:54:46,40.44,0.0,-63.4,16.6
19:54:46,33.2,0.0,-29.1,6.1
19:54:46,20.79,12.2,0.0,3.0
19:54:46,11.8,70.7,0.0,-0.0
19:54:46,10.36,0.0,-58.5,-1.0
19:54:46,11.66,0.0,-25.2,31.2
19:54:46,16.46,0.0,-26.7,34.6
19:54:46,22.15,0.0,-57.8,-6.4
19:54:47,48.25,0.0,-59.9,-7.0
19:54:47,78.57,0.0,-58.5,10.9
19:54:47,64.11,0.0,-65.3,18.3
19:54:47,40.77,0.0,-65.3,19.9
19:54:47,32.27,0.0,-37.4,6.5
19:54:47,24.24,0.0,-8.2,2.3
19:54:47,16.22,40.5,0.0,1.1
19:54:47,12.17,0.0,-59.3,-4.0
19:54:47,10.99,0.0,-35.2,23.1
19:54:47,14.26,0.0,-29.2,53.8
19:54:48,15.89,0.0,-20.4,3.4
19:54:48,25.92,0.0,-72.6,4.9
19:54:48,66.71,0.0,-68.1,11.0
19:54:48,65.79,0.0,-52.6,13.7
19:54:48,42.58,0.0,-76.9,8.6
19:54:48,31.9,0.0,-33.3,6.3
19:54:48,21.94,0.8,0.0,-3.1
19:54:48,12.62,65.1,0.0,2.1
19:54:48,10.01,0.0,-55.3,-4.2
19:54:48,10.17,0.0,-15.5,27.6
19:54:49,14.55,0.0,-27.8,52.2
19:54:49,17.91,0.0,-34.4,-1.3
19:54:49,31.75,0.0,-55.9,1.9
19:54:49,67.66,0.0,-66.2,11.8
19:54:49,66.29,0.0,-64.4,15.0
19:54:49,42.99,0.0,-55.8,33.4
19:54:49,31.72,0.0,-35.8,10.4
19:54:49,20.52,0.0,-10.3,3.5
19:54:49,11.63,17.7,0.0,2.2
19:54:49,10.25,0.0,-68.6,8.7
19:54:50,10.67,0.0,-27.4,8.4
19:54:50,13.57,0.0,-9.9,32.8
19:54:50,16.32,0.0,-8.9,4.2
19:54:50,18.29,0.0,-48.1,-2.9
19:54:50,53.49,0.0,-72.3,3.5
19:54:50,74.78,0.0,-59.8,15.5
19:54:50,50.74,0.0,-61.3,14.4
19:54:50,34.54,0.0,-47.1,21.0
19:54:50,25.01,0.0,-19.1,0.6
19:54:50,14.17,10.1,0.0,-6.1
19:54:51,10.6,72.5,0.0,2.7
19:54:51,10.65,0.0,-39.6,-8.7
19:54:51,11.26,0.0,-36.5,20.9
19:54:51,15.16,0.0,-19.5,62.4
19:54:51,20.4,0.0,-40.7,-4.6
19:54:51,42.0,0.0,-56.0,1.0
19:54:51,70.96,0.0,-61.6,15.3
19:54:51,61.1,0.0,-60.4,14.2
19:54:51,42.09,0.0,-53.5,11.8
19:54:51,32.42,0.0,-36.8,5.2
19:54:52,24.92,0.0,-11.5,1.8
19:54:52,14.83,41.0,0.0,6.0
19:54:52,11.25,0.0,-74.9,-0.6
19:54:52,11.78,0.0,-28.5,21.6
19:54:52,15.49,23.5,0.0,59.2
19:54:52,19.17,0.0,-37.2,-7.9
19:54:52,30.28,0.0,-56.5,-4.0
19:54:52,60.54,0.0,-63.3,11.7
19:54:52,65.03,0.0,-58.2,16.5
19:54:52,49.1,0.0,-64.9,14.5
19:54:53,38.13,0.0,-31.3,5.1
19:54:53,26.57,0.0,-12.9,4.5
19:54:53,17.13,30.0,0.0,6.0
19:54:53,12.3,0.0,-75.9,-7.3
19:54:53,11.17,0.0,-27.5,13.4
19:54:53,13.5,0.0,-18.6,46.9
19:54:53,17.68,0.0,-43.9,-4.8
19:54:53,25.57,0.0,-56.6,-6.1
19:54:53,53.55,0.0,-62.5,6.8
19:54:54,66.97,0.0,-64.8,13.0
19:54:54,49.96,0.0,-64.4,11.3
19:54:54,35.71,0.0,-58.4,6.2
19:54:54,29.16,0.0,-22.9,2.3
19:54:54,20.7,0.7,0.0,1.2
19:54:54,12.61,69.1,0.0,-9.1
19:54:54,10.81,0.0,-44.0,10.9
19:54:54,13.28,0.0,-24.6,31.3
19:54:54,16.53,0.0,-14.6,58.6
19:54:54,19.93,0.0,-53.5,-1.0
19:54:55,40.26,0.0,-66.3,1.0
19:54:55,66.11,0.0,-61.3,16.2
19:54:55,56.85,0.0,-63.9,17.5
19:54:55,39.35,0.0,-58.9,20.6
19:54:55,30.02,0.0,-27.1,8.4
19:54:55,18.85,2.2,0.0,2.9
19:54:55,11.77,38.1,0.0,-14.9
19:54:55,10.21,0.0,-61.8,8.4
19:54:55,11.58,0.0,-17.1,27.8
19:54:55,16.08,0.0,-17.3,53.9
19:54:56,18.77,0.0,-42.3,3.0
19:54:56,32.55,0.0,-55.9,1.1
19:54:56,61.03,0.0,-66.4,11.2
19:54:56,60.04,0.0,-74.7,10.1
19:54:56,42.29,0.0,-63.5,7.9
19:54:56,32.1,0.0,-41.0,9.9
19:54:56,21.07,0.0,-10.2,9.2
19:54:56,12.25,35.0,0.0,0.2
19:54:56,10.76,78.9,0.0,-5.7
19:54:56,11.55,0.0,-13.1,23.5
19:54:57,15.06,0.0,-30.9,48.2
19:54:57,17.65,0.0,-41.6,-4.1
19:54:57,27.71,0.0,-52.7,-6.0
19:54:57,62.44,0.0,-65.9,7.8
19:54:57,75.11,0.0,-65.8,18.3
19:54:57,53.17,0.0,-65.7,13.2
19:54:57,35.72,0.0,-52.5,19.4
19:54:57,26.68,0.0,-20.7,4.4
19:54:57,15.98,3.0,0.0,-6.3
19:54:57,10.94,42.5,0.0,-19.7
19:54:58,10.16,0.0,-63.3,5.7
19:54:58,11.58,0.0,-21.3,34.2
19:54:58,16.22,0.0,-31.9,47.9
19:54:58,19.27,0.0,-57.4,-0.1
19:54:58,33.86,0.0,-60.3,-6.5
19:54:58,64.53,0.0,-66.1,8.1
19:54:58,66.57,0.0,-64.6,11.6
19:54:58,48.75,0.0,-58.8,7.2
19:54:58,36.42,0.0,-40.3,3.0
19:54:58,25.3,0.0,-27.8,2.8
19:54:59,15.55,13.3,0.0,-0.3
19:54:59,11.71,72.0,0.0,-12.4
19:54:59,10.73,0.0,-38.7,11.4
19:54:59,12.65,0.0,-14.4,40.0
19:54:59,17.04,0.0,-42.1,-5.5
19:54:59,25.04,0.0,-60.4,-4.3
19:54:59,53.16,0.0,-67.4,4.5
19:54:59,69.01,0.0,-65.1,12.1
19:54:59,53.73,0.0,-74.9,8.0
19:54:59,38.28,0.0,-58.0,19.8
19:55:00,28.08,0.0,-19.3,2.9
19:55:00,16.67,1.8,0.0,-1.3
19:55:00,10.35,48.5,0.0,-0.4
19:55:00,10.27,0.0,-49.1,12.9
19:55:00,12.01,0.0,-22.0,27.4
19:55:00,16.02,0.0,-0.3,73.8
19:55:00,20.12,0.0,-53.2,0.6
19:55:00,42.38,0.0,-61.7,4.4
19:55:00,72.78,0.0,-61.1,15.0
19:55:00,65.16,0.0,-56.9,18.9
19:55:01,44.89,0.0,-71.3,9.4
19:55:01,35.16,0.0,-35.0,6.5
19:55:01,25.0,0.0,-7.6,2.3
19:55:01,14.9,30.3,0.0,-0.2
19:55:01,11.41,0.0,-73.2,-5.9
19:55:01,11.34,0.0,-31.7,12.1
19:55:01,14.19,0.0,-23.0,45.3
19:55:01,17.91,0.0,-34.7,-3.3
19:55:01,27.45,0.0,-55.7,-4.2
19:55:01,57.86,0.0,-62.0,3.4
19:55:02,69.46,0.0,-62.7,14.8
19:55:02,53.32,0.0,-59.3,11.9
19:55:02,39.19,0.0,-51.7,11.4
19:55:02,32.88,0.0,-27.0,3.6
19:55:02,21.84,0.0,-3.0,3.3
19:55:02,14.57,68.2,0.0,-7.0
19:55:02,12.15,0.0,-56.5,-10.8
19:55:02,12.28,0.0,-13.5,14.3
19:55:02,14.77,0.0,-10.6,70.3
19:55:03,18.06,0.0,-44.5,-1.1
19:55:03,31.51,0.0,-57.0,-2.6
19:55:03,65.84,0.0,-64.6,14.3
19:55:03,73.71,0.0,-61.7,22.1
19:55:03,49.89,0.0,-64.0,18.4
19:55:03,32.79,0.0,-55.1,17.2
19:55:03,25.63,0.0,-18.3,10.5
19:55:03,16.84,16.8,0.0,2.0
19:55:03,11.15,59.2,0.0,-21.8
19:55:03,10.9,0.0,-44.3,8.3
19:55:03,13.03,0.0,-30.1,27.7
19:55:04,17.0,0.0,-24.8,8.9
19:55:04,21.84,0.0,-56.7,4.0
19:55:04,47.66,0.0,-62.0,5.4
19:55:04,71.1,0.0,-57.7,12.8
19:55:04,59.53,0.0,-59.0,14.5
19:55:04,41.39,0.0,-71.7,11.0
19:55:04,31.9,0.0,-44.9,8.2
19:55:04,21.35,0.0,-3.2,1.1
19:55:04,13.47,15.2,0.0,-7.9
19:55:05,11.79,0.0,-84.7,-3.5
19:55:05,10.84,0.0,-24.9,22.0
19:55:05,13.68,0.0,-21.4,52.8
19:55:05,18.16,0.0,-38.5,-5.9
19:55:05,29.16,0.0,-56.5,-0.0
19:55:05,60.23,0.0,-64.2,11.0
19:55:05,69.33,0.0,-56.4,17.6
19:55:05,52.36,0.0,-56.5,10.5
19:55:05,40.73,0.0,-53.4,14.4
19:55:05,30.24,0.0,-21.1,4.6
19:55:06,15.74,5.7,0.0,-8.1
19:55:06,11.92,62.0,0.0,-12.1
19:55:06,11.01,0.0,-62.3,5.4
19:55:06,11.78,0.0,-17.0,32.8
19:55:06,15.66,0.0,-12.6,20.4
19:55:06,18.68,0.0,-47.3,-6.0
19:55:06,42.03,0.0,-70.2,2.7
19:55:06,69.01,0.0,-53.0,9.2
19:55:06,56.78,0.0,-58.5,11.9
19:55:06,39.05,0.0,-59.6,18.0
19:55:07,27.58,0.0,-23.1,-0.5
19:55:07,17.04,3.9,0.0,-5.4
19:55:07,11.71,41.2,0.0,-2.0
19:55:07,11.39,0.0,-52.3,9.2
19:55:07,11.68,0.0,-21.0,29.7
19:55:07,15.61,0.0,-18.0,70.7
19:55:07,19.41,0.0,-40.1,-4.4
19:55:07,34.28,0.0,-53.2,2.8
19:55:07,64.5,0.0,-59.1,12.3
19:55:07,66.32,0.0,-53.9,13.7
19:55:08,52.55,0.0,-64.6,0.9
19:55:08,40.76,0.0,-37.2,-5.1
19:55:08,24.54,0.0,-15.9,0.7
19:55:08,14.49,5.9,0.0,1.3
19:55:08,12.69,86.8,0.0,0.2
19:55:08,13.1,0.0,-39.8,20.8
19:55:08,14.01,0.0,-51.3,37.7
19:55:08,14.12,0.0,-29.2,-5.2
19:55:08,20.95,0.0,-63.2,-1.2
19:55:08,54.74,0.0,-60.3,0.8
19:55:09,73.1,0.0,-65.1,7.6
19:55:09,56.33,0.0,-69.0,10.7
19:55:09,38.83,0.0,-51.3,30.9
19:55:09,27.69,0.0,-20.7,10.7
19:55:09,15.87,11.1,0.0,-3.6
19:55:09,10.98,76.4,0.0,-6.6
19:55:09,10.53,0.0,-40.7,-1.2
19:55:09,12.54,0.0,-25.7,26.7
19:55:09,16.61,30.3,0.0,58.4
19:55:09,19.63,0.0,-45.4,1.6
19:55:10,39.8,0.0,-57.0,0.9
19:55:10,76.59,0.0,-63.3,10.3
19:55:10,74.23,0.0,-47.9,11.5
19:55:10,51.85,0.0,-53.3,23.6
19:55:10,37.27,0.0,-38.9,30.9
19:55:10,23.23,0.0,-8.4,8.7
19:55:10,12.3,8.7,0.0,-5.9
19:55:10,11.39,71.7,0.0,-11.0
19:55:10,11.43,0.0,-38.5,3.4
19:55:10,13.54,0.0,-21.8,18.7
19:55:11,16.73,0.0,-21.2,66.1
19:55:11,18.51,0.0,-50.2,-4.6
19:55:11,40.27,0.0,-56.1,-3.2
19:55:11,81.55,0.0,-51.4,7.0
19:55:11,78.05,0.0,-50.6,17.9
19:55:11,50.57,0.0,-53.5,21.7
19:55:11,35.6,0.0,-58.4,17.2
19:55:11,30.82,0.0,-22.6,3.5
19:55:11,21.33,1.0,0.0,-3.3
19:55:11,13.53,59.3,0.0,-14.8
19:55:12,11.18,0.0,-67.1,-5.5
19:55:12,12.81,0.0,-22.2,27.0
19:55:12,16.34,16.2,0.0,67.8
19:55:12,20.88,0.0,-48.1,1.8
19:55:12,39.46,0.0,-50.4,-6.4
19:55:12,69.1,0.0,-62.4,4.3
19:55:12,67.55,0.0,-54.0,17.0
19:55:12,48.46,0.0,-59.0,14.4
19:55:12,37.64,0.0,-41.9,10.2
19:55:12,33.62,0.0,-9.8,-0.1
19:55:13,21.88,39.2,0.0,17.9
19:55:13,10.96,0.0,-72.3,8.1
19:55:13,10.57,0.0,-21.8,28.7
19:55:13,16.34,0.0,-35.0,44.0
19:55:13,18.04,0.0,-47.2,-5.4
19:55:13,30.16,0.0,-55.6,-2.9
19:55:13,67.19,0.0,-56.2,3.6
19:55:13,75.6,0.0,-54.0,12.9
19:55:13,54.55,0.0,-61.9,15.7
19:55:14,39.65,0.0,-45.4,24.5
19:55:14,31.44,0.0,-14.4,15.1
19:55:14,19.08,11.5,0.0,0.5
19:55:14,11.72,58.0,0.0,-6.9
19:55:14,10.97,0.0,-43.0,19.8
19:55:14,13.31,0.0,-22.2,25.0
19:55:14,17.43,0.0,-43.2,43.8
19:55:14,18.74,0.0,-54.4,-2.9
19:55:14,34.97,0.0,-49.1,-4.5
19:55:14,74.61,0.0,-54.2,11.4
19:55:15,74.32,0.0,-52.6,20.9
19:55:15,48.38,0.0,-61.2,17.7
19:55:15,35.49,0.0,-50.1,20.8
19:55:15,28.87,0.0,-7.7,6.2
19:55:15,18.51,30.1,0.0,-5.1
19:55:15,12.1,71.7,0.0,-16.8
19:55:15,11.21,0.0,-20.1,18.7
19:55:15,14.11,0.0,-29.1,28.5
19:55:15,17.34,0.0,-28.3,1.9
19:55:15,21.96,0.0,-51.1,-4.6
19:55:16,48.39,0.0,-59.3,-0.0
19:55:16,72.62,0.0,-58.4,11.8
19:55:16,59.58,0.0,-56.9,17.4
19:55:16,40.66,0.0,-56.0,17.8
19:55:16,32.63,0.0,-29.3,12.1
19:55:16,21.96,0.0,-1.1,-3.1
19:55:16,12.58,23.9,0.0,-7.8
19:55:16,11.23,0.0,-78.4,6.5
19:55:16,10.9,0.0,-20.8,26.2
19:55:16,14.39,0.0,-25.0,37.4
19:55:17,16.61,0.0,-31.9,3.4
19:55:17,19.68,0.0,-52.1,-6.7
19:55:17,43.42,0.0,-58.3,-3.6
19:55:17,72.17,0.0,-62.6,7.8
19:55:17,63.29,0.0,-62.3,16.1
19:55:17,45.14,0.0,-55.2,17.9
19:55:17,34.74,0.0,-30.6,6.6
19:55:17,22.77,0.7,0.0,1.2
19:55:17,13.26,61.8,0.0,-6.2
19:55:17,11.18,0.0,-70.1,3.7
19:55:18,11.8,0.0,-12.9,30.2
19:55:18,15.72,0.0,-19.2,58.2
19:55:18,18.49,0.0,-40.2,-5.1
19:55:18,30.12,0.0,-53.6,-2.7
19:55:18,61.78,0.0,-58.8,9.0
19:55:18,68.17,0.0,-48.9,12.0
19:55:18,50.49,0.0,-55.2,4.9
19:55:18,38.23,0.0,-50.9,10.8
19:55:18,25.69,0.0,-8.3,0.6
19:55:18,14.67,15.2,0.0,-4.7
19:55:19,11.35,82.7,0.0,-2.5
19:55:19,11.07,0.0,-31.1,18.8
19:55:19,13.85,0.0,-26.4,38.8
19:55:19,17.52,0.0,-20.8,8.4
19:55:19,22.57,0.0,-53.5,-0.4
19:55:19,49.46,0.0,-57.8,2.6
19:55:19,73.33,0.0,-62.8,15.5
19:55:19,60.83,0.0,-60.9,12.4
19:55:19,44.71,0.0,-42.4,20.1
19:55:19,35.66,0.0,-28.2,11.1
19:55:20,22.69,0.0,-6.6,0.8
19:55:20,13.09,63.1,0.0,3.5
19:55:20,10.04,0.0,-66.4,1.5
19:55:20,11.56,0.0,-12.4,23.2
19:55:20,16.36,0.0,-33.3,36.3
19:55:20,17.85,0.0,-44.4,-9.5
19:55:20,23.9,0.0,-57.1,-2.7
19:55:20,55.2,0.0,-55.9,-0.3
19:55:20,74.98,0.0,-55.4,6.5
19:55:21,61.14,0.0,-58.4,13.8
19:55:21,43.16,0.0,-63.2,15.5
19:55:21,34.71,0.0,-34.1,12.5
19:55:21,25.86,1.0,0.0,1.6
19:55:21,14.26,82.4,0.0,-2.1
19:55:21,10.66,0.0,-44.7,8.2
19:55:21,13.27,0.0,-17.0,24.4
19:55:21,16.9,0.0,-8.2,53.7
19:55:21,18.67,0.0,-41.6,-7.8
19:55:21,35.41,0.0,-54.3,-9.0
19:55:21,73.92,0.0,-60.3,-2.2
19:55:22,80.36,0.0,-55.1,6.7
19:55:22,57.91,0.0,-59.6,9.6
19:55:22,40.88,0.0,-44.3,25.8
19:55:22,30.26,0.0,-18.5,3.8
19:55:22,17.08,14.4,0.0,-1.6
19:55:22,10.97,77.6,0.0,-10.1
19:55:22,10.92,0.0,-40.6,12.1
19:55:22,13.2,0.0,-19.9,37.0
19:55:22,17.12,0.0,-8.0,-1.0
19:55:23,21.63,0.0,-53.4,-7.0
19:55:23,47.46,0.0,-63.6,-1.4
19:55:23,75.14,0.0,-63.5,7.5
19:55:23,62.7,0.0,-56.6,13.8
19:55:23,43.31,0.0,-57.5,14.6
19:55:23,34.5,0.0,-32.5,6.1
19:55:23,23.75,0.5,0.0,-1.9
19:55:23,12.74,35.5,0.0,-10.4
19:55:23,10.02,0.0,-64.1,-4.8
19:55:23,10.63,0.0,-13.4,28.5
19:55:24,14.81,0.0,-17.4,58.3
19:55:24,18.56,0.0,-33.9,-9.3
19:55:24,31.09,0.0,-56.2,-2.6
19:55:24,62.47,0.0,-58.5,7.5
19:55:24,65.21,0.0,-51.1,13.5
19:55:24,45.44,0.0,-57.0,10.7
19:55:24,33.67,0.0,-57.0,12.4
19:55:24,24.21,0.0,-19.0,2.3
19:55:24,14.43,0.9,0.0,-9.6
19:55:24,10.85,47.3,0.0,-2.6
19:55:25,10.61,0.0,-64.7,3.8
19:55:25,11.65,0.0,-21.8,30.4
19:55:25,15.81,0.0,-2.1,64.6
19:55:25,19.57,0.0,-51.7,-1.1
19:55:25,37.11,0.0,-58.4,-5.5
19:55:25,68.09,0.0,-67.4,9.5
19:55:25,67.89,0.0,-53.9,11.4
19:55:25,47.22,0.0,-45.5,15.7
19:55:25,36.69,0.0,-44.2,40.5
19:55:25,27.9,0.0,-21.4,12.3
19:55:26,16.82,1.2,0.0,-2.6
19:55:26,11.63,49.3,0.0,-7.8
19:55:26,11.23,0.0,-67.6,-3.5
19:55:26,11.66,0.0,-27.0,26.2
19:55:26,14.82,0.0,-29.7,49.7
19:55:26,18.65,0.0,-48.9,-1.5
19:55:26,34.53,0.0,-60.1,-2.0
19:55:26,68.15,0.0,-60.7,9.1
19:55:26,70.35,0.0,-46.6,10.2
19:55:26,47.79,0.0,-72.4,8.4
19:55:27,36.42,0.0,-41.3,14.9
19:55:27,26.43,0.0,-7.0,-4.2
19:55:27,13.35,8.7,0.0,-11.3
19:55:27,9.99,86.6,0.0,1.5
19:55:27,10.41,0.0,-27.9,30.6
19:55:27,13.96,0.0,-32.5,24.7
19:55:27,17.01,0.0,-25.0,27.8
19:55:27,20.16,0.0,-57.9,-3.5
19:55:27,42.76,0.0,-66.0,-0.5
19:55:27,67.23,0.0,-58.9,8.5
19:55:28,58.63,0.0,-56.7,14.9
19:55:28,43.33,0.0,-50.0,17.6
19:55:28,33.77,0.0,-25.9,7.2
19:55:28,20.75,1.4,0.0,-1.5
19:55:28,11.31,56.5,0.0,-0.4
19:55:28,9.97,0.0,-50.8,-1.8
19:55:28,10.48,0.0,-29.7,21.3
19:55:28,13.88,0.0,-11.0,71.6
19:55:28,18.12,0.0,-43.4,-3.2
19:55:28,25.96,0.0,-53.9,-1.7
19:55:29,54.24,0.0,-60.8,6.1
19:55:29,66.84,0.0,-56.1,8.9
19:55:29,52.02,0.0,-46.1,11.5
19:55:29,40.15,0.0,-52.3,6.7
19:55:29,31.37,0.0,-33.3,-7.6
19:55:29,20.62,0.0,-7.3,-3.7
19:55:29,13.07,50.3,0.0,-2.9
19:55:29,11.22,0.0,-67.4,2.7
19:55:29,11.71,0.0,-24.6,21.0
19:55:29,15.39,0.0,-34.1,54.7
19:55:30,18.51,0.0,-52.3,-7.7
19:55:30,28.5,0.0,-57.9,-8.8
19:55:30,57.91,0.0,-58.6,2.4
19:55:30,66.83,0.0,-50.0,12.8
19:55:30,49.62,0.0,-57.6,16.5
19:55:30,36.93,0.0,-46.5,12.1
19:55:30,29.93,0.0,-17.9,2.0
19:55:30,20.01,2.3,0.0,-4.6
19:55:30,13.17,82.0,0.0,4.7
19:55:30,11.72,0.0,-49.1,2.1
19:55:31,11.98,0.0,-26.2,24.0
19:55:31,15.87,0.0,-3.2,78.4
19:55:31,19.55,0.0,-45.7,-0.9
19:55:31,34.98,0.0,-65.7,-0.3
19:55:31,66.45,0.0,-61.2,9.4
19:55:31,62.18,0.0,-52.3,16.5
19:55:31,42.81,0.0,-48.7,15.1
19:55:31,35.87,0.0,-38.9,10.6
19:55:31,31.27,0.0,-13.0,-6.3
19:55:32,17.07,19.0,0.0,-13.9
19:55:32,4.97,0.0,-55.1,-19.6
19:55:32,5.56,0.0,-62.2,-14.7
19:55:32,9.2,0.0,-32.0,31.9
19:55:32,15.12,0.0,-45.4,-3.7
19:55:32,20.13,87.9,0.0,-1.4
19:55:32,37.23,0.0,-60.6,-11.8
19:55:32,59.16,0.0,-54.7,0.6
19:55:32,53.8,0.0,-61.3,10.5
19:55:32,39.42,0.0,-58.4,4.2
19:55:33,32.04,0.0,-33.3,-6.4
19:55:33,24.96,1.3,0.0,-10.3
19:55:33,14.58,49.4,0.0,-5.6
19:55:33,10.37,0.0,-51.4,4.4
19:55:33,10.76,0.0,-20.9,33.3
19:55:33,14.56,0.0,-32.4,55.5
19:55:33,17.77,0.0,-43.7,-5.6
19:55:33,29.73,0.0,-62.4,-1.3
19:55:33,64.27,0.0,-59.0,4.1
19:55:33,67.46,0.0,-57.4,9.7
19:55:34,48.32,0.0,-54.6,7.6
19:55:34,37.68,0.0,-39.5,2.8
19:55:34,30.83,0.0,-13.0,-1.2
19:55:34,20.98,15.2,0.0,-5.0
19:55:34,13.33,77.4,0.0,-7.9
19:55:34,10.63,0.0,-35.1,16.4
19:55:34,12.87,0.0,-21.7,31.6
19:55:34,15.88,9.0,0.0,62.7
19:55:34,17.54,0.0,-57.4,0.8
19:55:34,33.42,0.0,-54.3,-7.1
19:55:35,62.79,0.0,-61.7,3.9
19:55:35,59.97,0.0,-59.4,10.8
19:55:35,42.99,0.0,-56.6,11.6
19:55:35,33.85,0.0,-29.7,2.7
19:55:35,26.13,0.0,-11.0,-1.9
19:55:35,17.1,5.2,0.0,-2.9
19:55:35,12.39,85.0,0.0,1.7
19:55:35,11.31,0.0,-46.8,4.7
19:55:35,12.63,0.0,-23.9,26.4
19:55:35,15.22,15.0,0.0,69.8
19:55:36,17.11,0.0,-50.2,3.7
19:55:36,30.79,0.0,-64.7,-0.8
19:55:36,62.46,0.0,-62.9,8.6
19:55:36,62.14,0.0,-46.7,12.1
19:55:36,41.11,0.0,-47.6,7.7
19:55:36,31.67,0.0,-39.1,2.3
19:55:36,24.2,0.0,-8.0,-7.9
19:55:36,14.91,3.9,0.0,-15.1
19:55:36,11.69,48.8,0.0,-14.8
19:55:36,10.72,0.0,-45.8,11.2
19:55:37,11.78,0.0,-25.7,25.4
19:55:37,15.31,0.0,-3.1,53.4
19:55:37,18.86,0.0,-42.3,-0.9
19:55:37,36.82,0.0,-56.7,5.9
19:55:37,62.32,0.0,-58.3,-4.5
19:55:37,57.7,0.0,-56.2,16.7
19:55:37,40.07,0.0,-47.9,21.6
19:55:37,25.06,0.0,-17.1,0.4
19:55:37,13.99,6.7,0.0,-11.6
19:55:37,10.98,63.1,0.0,-4.0
19:55:38,10.64,0.0,-48.7,6.0
19:55:38,11.29,0.0,-22.8,33.1
19:55:38,15.53,0.0,-20.7,-1.4
19:55:38,21.25,0.0,-53.6,0.3
19:55:38,46.49,0.0,-67.5,4.1
19:55:38,72.79,0.0,-58.8,12.7
19:55:38,62.49,0.0,-53.8,12.7
19:55:38,44.13,0.0,-54.7,17.2
19:55:38,34.84,0.0,-34.2,11.9
19:55:39,22.93,0.0,-10.7,-2.1
19:55:39,13.69,3.5,0.0,-12.8
19:55:39,11.78,72.9,0.0,-10.9
19:55:39,10.74,0.0,-37.8,12.2
19:55:39,11.76,0.0,-17.6,29.0
19:55:39,15.56,0.0,-11.7,54.6
19:55:39,20.25,0.0,-58.0,3.6
19:55:39,43.6,0.0,-62.7,1.6
19:55:39,71.71,0.0,-51.6,5.4
19:55:39,64.96,0.0,-44.9,8.5
19:55:39,47.01,0.0,-50.0,35.2
19:55:40,35.31,0.0,-38.8,-6.5
19:55:40,22.26,0.0,-31.0,-0.5
19:55:40,14.01,0.0,-10.6,-3.4
19:55:40,12.3,41.1,0.0,1.8
19:55:40,10.4,0.0,-81.7,0.4
19:55:40,10.91,0.0,-28.6,30.5
19:55:40,14.88,0.0,-18.5,66.6
19:55:40,18.75,0.0,-50.7,1.9
19:55:40,35.02,0.0,-63.1,-3.1
19:55:41,68.95,0.0,-59.4,4.8
19:55:41,70.15,0.0,-48.4,10.7
19:55:41,48.62,0.0,-57.7,4.6
19:55:41,37.04,0.0,-48.6,3.6
19:55:41,29.39,0.0,-24.0,-1.3
19:55:41,17.79,0.0,-0.6,-9.2
19:55:41,12.89,59.5,0.0,-3.9
19:55:41,11.2,0.0,-52.5,9.8
19:55:41,12.04,0.0,-23.4,29.5
19:55:41,15.96,0.0,-22.0,11.8
19:55:42,21.3,0.0,-64.3,0.7
19:55:42,47.08,0.0,-62.1,-2.5
19:55:42,71.35,0.0,-58.6,10.5
19:55:42,60.85,0.0,-55.3,22.9
19:55:42,41.12,0.0,-55.5,17.2
19:55:42,30.98,0.0,-30.2,5.2
19:55:42,20.55,0.0,-1.2,-8.5
19:55:42,12.27,23.9,0.0,-5.4
19:55:42,11.01,87.0,0.0,1.3
19:55:42,10.7,0.0,-24.0,24.1
19:55:43,14.13,0.2,0.0,83.9
19:55:43,18.7,0.0,-45.4,-1.4
19:55:43,31.94,0.0,-54.7,-1.6
19:55:43,62.77,0.0,-58.4,8.8
19:55:43,66.05,0.0,-52.2,12.9
19:55:43,47.89,0.0,-57.5,15.4
19:55:43,35.68,0.0,-39.8,27.2
19:55:43,24.8,0.0,-14.1,3.6
19:55:43,14.78,1.4,0.0,-10.5
19:55:43,11.78,53.4,0.0,2.3
19:55:44,11.27,0.0,-50.0,5.1
19:55:44,10.93,0.0,-17.5,28.4
19:55:44,15.04,0.0,-6.8,56.9
19:55:44,19.75,0.0,-53.6,-2.1
19:55:44,43.14,0.0,-54.0,-2.4
19:55:44,73.79,0.0,-59.0,9.5
19:55:44,68.25,0.0,-55.8,13.8
19:55:44,46.48,0.0,-49.1,23.9
19:55:44,34.0,0.0,-41.7,28.1
19:55:44,25.39,0.0,-18.3,6.0
19:55:45,16.09,14.3,0.0,-6.1
19:55:45,11.19,76.5,0.0,4.9
19:55:45,10.52,0.0,-33.5,22.1
19:55:45,12.84,0.0,-16.8,37.7
19:55:45,17.06,0.0,-48.9,-2.3
19:55:45,27.44,0.0,-58.3,-1.4
19:55:45,62.97,0.0,-60.6,4.6
19:55:45,78.48,0.0,-58.8,20.4
19:55:45,57.76,0.0,-58.4,15.7
19:55:45,37.87,0.0,-60.2,18.4
19:55:46,29.65,0.0,-34.3,5.5
19:55:46,19.83,1.2,0.0,-9.9
19:55:46,12.47,25.2,0.0,-6.2
19:55:46,10.41,0.0,-74.0,11.3
19:55:46,10.71,0.0,-22.5,26.0
19:55:46,14.59,0.0,-29.0,54.8
19:55:46,19.07,0.0,-67.9,3.3
19:55:46,43.82,0.0,-43.8,-6.8
19:55:46,86.18,0.0,-60.3,1.3
19:55:46,77.23,0.0,-58.2,15.8
19:55:47,47.29,0.0,-68.2,14.5
19:55:47,32.36,0.0,-44.2,7.6
19:55:47,20.69,0.0,-8.0,-2.4
19:55:47,13.16,19.1,0.0,-14.9
19:55:47,10.82,73.0,0.0,-2.8
19:55:47,10.2,0.0,-25.6,25.6
19:55:47,13.54,0.0,-23.8,46.5
19:55:47,18.36,0.0,-41.3,-9.7
19:55:47,31.87,0.0,-54.9,-9.3
19:55:47,62.39,0.0,-64.4,-0.1
19:55:48,71.43,0.0,-59.7,7.1
19:55:48,57.56,0.0,-66.5,6.4
19:55:48,42.32,0.0,-46.3,18.6
19:55:48,30.89,0.0,-20.1,4.0
19:55:48,17.97,6.1,0.0,-4.7
19:55:48,11.27,44.8,0.0,-13.3
19:55:48,10.45,0.0,-70.3,10.6
19:55:48,11.49,0.0,-14.7,31.3
19:55:48,15.66,17.9,0.0,55.7
19:55:48,19.42,0.0,-50.0,1.2
19:55:49,39.44,0.0,-60.1,-2.1
19:55:49,69.77,0.0,-59.5,4.7
19:55:49,66.0,0.0,-52.5,13.9
19:55:49,45.33,0.0,-55.0,11.5
19:55:49,34.73,0.0,-37.7,12.0
19:55:49,26.29,0.0,-13.8,3.5
19:55:49,16.96,0.0,-0.2,-10.9
19:55:49,13.68,37.4,0.0,-9.7
19:55:49,12.03,0.0,-67.0,4.9
19:55:50,11.34,0.0,-20.8,28.5
19:55:50,15.24,0.0,-52.7,0.3
19:55:50,23.64,0.0,-61.9,-6.9
19:55:50,51.78,0.0,-60.4,-7.5
19:55:50,72.39,0.0,-62.1,5.8
19:55:50,61.3,0.0,-52.0,19.3
19:55:50,40.84,0.0,-57.9,13.8
19:55:50,29.82,0.0,-41.4,6.3
19:55:50,23.93,0.0,-22.7,0.6
19:55:50,16.6,0.0,-1.3,-15.8
19:55:51,12.56,30.6,0.0,-8.1
19:55:51,11.68,0.0,-68.6,10.7
19:55:51,11.54,0.0,-17.1,32.2
19:55:51,15.64,0.0,-21.7,28.8
19:55:51,21.71,0.0,-51.8,-0.7
19:55:51,45.04,0.0,-65.8,-0.6
19:55:51,74.62,0.0,-60.7,4.3
19:55:51,68.95,0.0,-57.4,9.6
19:55:51,46.27,0.0,-57.4,15.8
19:55:51,35.69,0.0,-37.8,17.2
19:55:52,27.69,0.0,-9.9,2.4
19:55:52,17.33,13.3,0.0,-7.4
19:55:52,11.58,78.8,0.0,-0.5
19:55:52,11.06,0.0,-19.5,35.0
19:55:52,14.77,0.0,-15.7,58.4
19:55:52,19.34,0.0,-35.4,-4.5
19:55:52,30.45,0.0,-52.8,-4.9
19:55:52,61.19,0.0,-63.8,6.0
19:55:52,72.03,0.0,-55.6,11.9
19:55:52,52.72,0.0,-53.0,24.8
19:55:53,36.62,0.0,-54.9,18.9
19:55:53,24.66,0.0,-15.7,5.3
19:55:53,13.63,17.9,0.0,-11.3
19:55:53,10.33,77.9,0.0,-4.0
19:55:53,10.94,0.0,-38.5,11.5
19:55:53,13.15,0.0,-23.5,35.3
19:55:53,17.47,0.0,-43.9,-6.6
19:55:53,22.9,0.0,-49.0,-1.0
19:55:53,44.57,0.0,-56.8,4.2
19:55:53,66.12,0.0,-63.6,11.1
19:55:54,59.52,0.0,-61.6,13.6
19:55:54,45.9,0.0,-48.8,30.8
19:55:54,35.0,0.0,-21.5,10.9
19:55:54,20.24,1.0,0.0,-1.9
19:55:54,13.47,49.6,0.0,0.5
19:55:54,11.42,0.0,-67.4,-0.5
19:55:54,11.32,0.0,-23.9,27.9
19:55:54,15.38,0.0,-25.7,57.9
19:55:54,18.45,0.0,-47.1,-0.1
19:55:54,28.63,0.0,-49.6,-3.5
19:55:55,59.09,0.0,-65.0,10.5
19:55:55,71.22,0.0,-50.7,13.1
19:55:55,55.84,0.0,-51.9,14.7
19:55:55,43.42,0.0,-50.5,24.3
19:55:55,33.3,0.0,-14.4,15.6
19:55:55,20.04,4.5,0.0,-6.3
19:55:55,14.6,65.5,0.0,-5.5
19:55:55,12.19,0.0,-75.3,-8.2
19:55:55,11.48,0.0,-6.1,32.9
19:55:56,15.84,0.0,-6.5,78.1
19:55:56,19.72,0.0,-49.1,-6.9
19:55:56,36.24,0.0,-59.7,-8.9
19:55:56,64.29,0.0,-61.3,2.2
19:55:56,64.93,0.0,-57.7,15.5
19:55:56,46.93,0.0,-56.0,14.3
19:55:56,36.01,0.0,-33.2,21.0
19:55:56,27.8,0.0,-13.5,1.1
19:55:56,16.2,8.6,0.0,-7.2
19:55:56,11.46,82.6,0.0,0.4
19:55:57,10.58,0.0,-42.5,23.7
19:55:57,12.8,0.0,-14.7,36.6
19:55:57,17.45,0.0,-22.3,-5.2
19:55:57,21.22,0.0,-58.3,-0.1
19:55:57,43.81,0.0,-67.0,2.7
19:55:57,69.73,0.0,-57.7,6.5
19:55:57,63.38,0.0,-58.4,14.1
19:55:57,49.63,0.0,-47.3,13.3
19:55:57,37.59,0.0,-32.7,7.9
19:55:57,21.55,0.0,-4.5,2.5
19:55:57,12.65,54.1,0.0,-12.2
19:55:58,10.99,0.0,-68.7,-2.5
19:55:58,12.2,0.0,-11.0,20.1
19:55:58,15.79,0.0,-36.3,46.7
19:55:58,18.76,0.0,-48.7,4.0
19:55:58,34.83,0.0,-62.1,2.2
19:55:58,66.65,0.0,-55.7,7.3
19:55:58,66.09,0.0,-55.9,15.1
19:55:58,48.83,0.0,-50.3,12.7
19:55:58,37.48,0.0,-41.3,18.3
19:55:59,24.99,0.0,-3.5,8.9
19:55:59,14.5,17.3,0.0,-11.7
19:55:59,11.34,0.0,-73.8,-3.8
19:55:59,10.06,0.0,-33.1,4.8
19:55:59,13.61,0.0,-24.1,40.7
19:55:59,17.86,0.0,-44.4,4.0
19:55:59,23.4,0.0,-55.3,-2.6
19:55:59,48.66,0.0,-70.7,7.5
19:55:59,65.62,0.0,-58.8,16.4
19:55:59,52.96,0.0,-43.9,27.8
19:56:00,39.29,0.0,-46.1,35.0
19:56:00,28.53,0.0,-25.2,27.2
19:56:00,15.55,0.0,-0.8,4.7
19:56:00,12.31,46.8,0.0,-0.9
19:56:00,10.64,0.0,-69.9,-5.4
19:56:00,9.71,0.0,-13.7,26.0
19:56:00,15.09,0.0,-3.0,85.1
19:56:00,19.07,0.0,-40.9,1.2
19:56:00,34.39,0.0,-64.0,1.3
19:56:00,64.46,0.0,-57.2,15.1
19:56:01,63.09,0.0,-56.5,24.3
19:56:01,46.1,0.0,-46.8,15.0
19:56:01,36.26,0.0,-40.6,12.9
19:56:01,26.1,0.0,-11.7,0.9
19:56:01,15.63,8.8,0.0,-7.4
19:56:01,12.24,67.8,0.0,-5.3
19:56:01,10.59,0.0,-62.1,0.3
19:56:01,11.54,0.0,-5.7,34.8
19:56:01,16.17,0.0,-39.4,7.1
19:56:01,20.37,0.0,-57.2,-3.5
19:56:02,39.21,0.0,-59.7,0.8
19:56:02,59.34,0.0,-62.2,15.9
19:56:02,53.45,0.0,-64.6,17.1
19:56:02,40.73,0.0,-54.2,15.4
19:56:02,32.6,0.0,-22.0,-2.3
19:56:02,18.94,2.1,0.0,-15.1
19:56:02,11.09,30.0,0.0,-19.2
19:56:02,10.11,0.0,-65.8,11.5
19:56:02,10.95,0.0,-27.6,32.2
19:56:02,14.71,0.0,-9.1,50.3
19:56:03,19.09,0.0,-55.0,0.3
19:56:03,41.61,0.0,-65.6,2.3
19:56:03,69.81,0.0,-58.1,11.9
19:56:03,62.13,0.0,-60.2,20.7
19:56:03,40.86,0.0,-62.6,8.7
19:56:03,31.44,0.0,-28.6,10.0
19:56:03,24.09,0.0,-13.4,1.8
19:56:03,15.11,3.4,0.0,-6.4
19:56:03,11.97,57.4,0.0,1.0
19:56:03,10.73,0.0,-57.1,1.5
19:56:04,10.97,0.0,-19.5,30.9
19:56:04,15.43,0.0,-30.4,6.9
19:56:04,21.37,0.0,-52.8,-3.1
19:56:04,42.89,0.0,-65.2,2.4
19:56:04,66.62,0.0,-58.8,12.5
19:56:04,59.67,0.0,-64.0,16.7
19:56:04,45.36,0.0,-53.7,11.3
19:56:04,38.47,0.0,-25.4,0.1
19:56:04,27.17,0.0,-6.6,-2.0
19:56:05,13.79,20.1,0.0,-8.7
19:56:05,11.45,0.0,-75.2,7.4
19:56:05,11.18,0.0,-27.7,8.7
19:56:05,13.17,0.0,-19.1,49.7
19:56:05,17.72,0.0,-41.7,-6.8
19:56:05,28.98,0.0,-59.0,-3.0
19:56:05,60.84,0.0,-58.1,-0.4
19:56:05,73.31,0.0,-51.5,4.4
19:56:05,56.79,0.0,-72.2,4.6
19:56:05,39.54,0.0,-44.1,14.2
19:56:05,29.06,0.0,-28.5,5.7
19:56:06,15.66,0.0,-3.5,-5.5
19:56:06,10.97,32.8,0.0,-15.3
19:56:06,10.68,0.0,-67.3,7.3
19:56:06,12.09,0.0,-17.2,35.4
19:56:06,16.31,0.0,-7.9,81.3
19:56:06,19.79,0.0,-37.7,0.7
19:56:06,34.36,0.0,-57.7,-1.2
19:56:06,65.54,0.0,-76.2,9.0
19:56:06,70.09,0.0,-55.4,13.3
19:56:07,52.14,0.0,-56.9,11.4
19:56:07,38.75,0.0,-37.2,8.1
19:56:07,26.82,0.0,-11.0,-1.2
19:56:07,14.18,18.1,0.0,-13.1
19:56:07,11.07,78.0,0.0,-6.0
19:56:07,11.35,0.0,-18.7,28.0
19:56:07,14.5,0.0,-11.6,47.4
19:56:07,18.0,0.0,-47.6,-1.6
19:56:07,22.91,0.0,-54.0,-3.8
19:56:07,47.07,0.0,-55.8,-0.8
19:56:08,66.9,0.0,-64.3,7.6
19:56:08,57.19,0.0,-71.3,9.6
19:56:08,44.32,0.0,-52.0,19.1
19:56:08,34.95,0.0,-26.5,0.9
19:56:08,19.71,0.0,-5.6,-3.0
19:56:08,12.52,37.8,0.0,-9.3
19:56:08,11.39,86.9,0.0,-2.2
19:56:08,12.14,0.0,-14.8,30.5
19:56:08,15.74,2.3,0.0,75.9
19:56:08,19.58,0.0,-52.8,-0.7
19:56:09,35.79,0.0,-61.0,-1.7
19:56:09,67.67,0.0,-66.2,6.6
19:56:09,73.49,0.0,-51.0,11.6
19:56:09,54.83,0.0,-71.7,7.6
19:56:09,42.19,0.0,-36.4,2.9
19:56:09,30.63,0.0,-16.4,2.6
19:56:09,17.96,6.0,0.0,-4.6
19:56:09,11.89,67.7,0.0,-9.6
19:56:09,10.8,0.0,-43.7,6.4
19:56:09,13.14,0.0,-16.4,33.0
19:56:10,16.78,0.0,-26.6,29.7
19:56:10,20.57,0.0,-53.8,-1.2
19:56:10,41.02,0.0,-59.9,-1.9
19:56:10,66.75,0.0,-67.0,6.6
19:56:10,60.83,0.0,-66.7,8.2
19:56:10,44.37,0.0,-53.4,2.3
19:56:10,32.85,0.0,-40.2,18.7
19:56:10,21.16,0.0,-11.6,8.3
19:56:10,13.45,20.3,0.0,0.1
19:56:10,10.33,0.0,-81.4,-5.2
19:56:11,10.47,0.0,-22.8,33.2
19:56:11,14.3,0.0,-34.0,35.7
19:56:11,17.51,0.0,-52.2,-2.3
19:56:11,22.82,0.0,-55.4,-4.2
19:56:11,51.28,0.0,-62.3,6.1
19:56:11,70.66,0.0,-62.8,11.0
19:56:11,55.59,0.0,-66.1,6.1
19:56:11,39.8,0.0,-47.6,21.8
19:56:11,27.09,0.0,-20.7,10.4
19:56:11,14.96,0.0,-4.3,-2.9
19:56:12,11.22,67.1,0.0,-14.7
19:56:12,10.35,0.0,-56.9,-26.2
19:56:12,11.27,0.0,-11.8,26.5
19:56:12,15.67,1.1,0.0,86.8
19:56:12,18.31,0.0,-56.1,-0.0
19:56:12,35.09,0.0,-56.8,-3.5
19:56:12,66.67,0.0,-69.3,14.0
19:56:12,64.11,0.0,-63.1,17.6
19:56:12,47.13,0.0,-55.0,20.6
19:56:12,37.42,0.0,-34.0,15.8
19:56:13,23.05,0.0,-6.9,9.5
19:56:13,13.63,22.2,0.0,-1.6
19:56:13,10.95,69.3,0.0,-18.2
19:56:13,10.59,0.0,-14.6,33.9
19:56:13,14.63,0.0,-24.1,43.6
19:56:13,18.07,0.0,-40.9,-3.7
19:56:13,25.23,0.0,-57.8,-4.1
19:56:13,54.25,0.0,-67.8,1.4
19:56:13,69.81,0.0,-59.2,8.7
19:56:14,54.19,0.0,-64.8,11.8
19:56:14,38.96,0.0,-53.7,16.8
19:56:14,29.76,0.0,-33.1,17.8
19:56:14,19.12,0.0,-6.5,9.0
19:56:14,13.07,41.3,0.0,-13.1
19:56:14,10.77,0.0,-68.7,-18.3
19:56:14,11.12,0.0,-6.9,19.0
19:56:14,15.59,0.0,-19.8,53.7
19:56:14,17.63,0.0,-45.7,-5.9
19:56:14,27.64,0.0,-59.2,-6.1
19:56:14,59.44,0.0,-68.7,5.7
19:56:15,66.39,0.0,-64.7,10.4
19:56:15,47.46,0.0,-56.8,17.4
19:56:15,34.68,0.0,-44.9,21.2
19:56:15,26.01,0.0,-33.3,11.0
19:56:15,17.68,1.6,0.0,-0.6
19:56:15,13.07,59.4,0.0,-4.7
19:56:15,10.34,0.0,-44.3,13.8
19:56:15,12.16,0.0,-1.5,37.3
19:56:15,17.07,0.0,-24.3,8.9
19:56:16,21.6,0.0,-62.6,-2.6
19:56:16,44.61,0.0,-67.4,-0.2
19:56:16,65.31,0.0,-65.7,10.3
19:56:16,52.96,0.0,-77.7,9.9
19:56:16,39.11,0.0,-50.5,20.3
19:56:16,30.47,0.0,-20.9,5.1
19:56:16,18.57,0.0,-1.2,1.3
19:56:16,11.62,61.0,0.0,1.6
19:56:16,10.33,0.0,-42.9,-8.7
19:56:16,11.42,0.0,-11.2,23.9
19:56:17,15.6,7.9,0.0,71.0
19:56:17,18.5,0.0,-40.1,-0.8
19:56:17,32.53,0.0,-64.1,6.3
19:56:17,61.52,0.0,-62.4,15.6
19:56:17,62.26,0.0,-58.8,18.7
19:56:17,46.07,0.0,-74.6,10.8
19:56:17,35.17,0.0,-32.4,16.0
19:56:17,22.9,0.0,-7.6,11.7
19:56:17,14.68,18.1,0.0,6.7
19:56:17,11.37,82.8,0.0,-3.7
19:56:18,10.18,0.0,-33.1,13.1
19:56:18,12.75,0.0,-10.0,35.3
19:56:18,17.82,0.0,-31.4,-2.3
19:56:18,23.87,0.0,-64.1,1.3
19:56:18,51.99,0.0,-69.8,13.3
19:56:18,65.3,0.0,-65.7,17.7
19:56:18,50.64,0.0,-62.9,12.0
19:56:18,40.65,0.0,-47.0,14.8
19:56:18,31.74,0.0,-27.4,12.2
19:56:18,19.51,0.0,-1.4,4.7
19:56:19,13.18,42.4,0.0,3.7
19:56:19,10.77,0.0,-57.1,-1.6
19:56:19,10.57,0.0,-8.9,30.4
19:56:19,14.92,0.0,-8.8,59.6
19:56:19,18.05,0.0,-41.2,-4.1
19:56:19,28.69,0.0,-61.8,-3.0
19:56:19,57.69,0.0,-73.8,9.4
19:56:19,64.06,0.0,-60.5,17.5
19:56:19,47.63,0.0,-55.1,20.5
19:56:19,37.69,0.0,-54.1,20.8
19:56:20,30.49,0.0,-26.8,17.8
19:56:20,19.73,7.2,0.0,10.0
19:56:20,12.73,35.7,0.0,-4.7
19:56:20,10.56,0.0,-59.1,-0.8
19:56:20,10.91,0.0,-11.4,33.7
19:56:20,14.8,0.0,-14.0,64.5
19:56:20,18.67,0.0,-51.2,-0.6
19:56:20,32.68,0.0,-65.4,1.9
19:56:20,59.93,0.0,-69.1,12.1
19:56:20,59.33,0.0,-63.6,17.7
19:56:21,43.75,0.0,-71.3,12.2
19:56:21,33.81,0.0,-43.9,21.4
19:56:21,25.28,0.0,-15.5,17.1

