Tiempo,Fuerza,Ataque,Salida,Verticalidad
19:52:41,10.28,74.1,0.0,10.0
19:52:41,10.42,72.0,0.0,5.4
19:52:41,9.94,72.4,0.0,6.0
19:52:41,9.7,64.9,0.0,9.3
19:52:41,9.68,66.9,0.0,3.7
19:52:41,9.42,73.3,0.0,11.2
19:52:42,9.45,76.7,0.0,11.9
19:52:42,9.95,69.4,0.0,13.0
19:52:42,10.21,64.1,0.0,13.4
19:52:42,9.64,44.0,0.0,25.0
19:52:42,9.33,29.0,0.0,41.0
19:52:42,9.89,43.1,0.0,28.2
19:52:42,9.98,0.0,-69.4,-17.7
19:52:42,9.52,0.0,-47.0,-31.1
19:52:42,9.58,41.9,0.0,-28.3
19:52:42,9.36,49.8,0.0,-19.4
19:52:43,9.33,0.0,-75.1,-6.1
19:52:43,9.5,28.5,0.0,-48.2
19:52:43,8.98,0.0,-59.2,-22.9
19:52:43,8.73,41.9,0.0,-47.9
19:52:43,7.78,0.0,-35.5,-53.8
19:52:43,7.2,14.1,0.0,-62.5
19:52:43,5.06,0.0,-22.8,-4.3
19:52:43,5.08,48.7,0.0,2.7
19:52:43,10.44,85.2,0.0,3.6
19:52:43,13.14,0.0,-66.2,-14.3
19:52:44,17.85,0.0,-75.8,-8.4
19:52:44,38.44,0.0,-70.0,-3.7
19:52:44,52.15,0.0,-67.4,-2.3
19:52:44,46.38,0.0,-44.5,-0.3
19:52:44,31.6,0.0,-22.3,-5.7
19:52:44,17.66,0.0,-20.0,-7.0
19:52:44,12.18,0.0,-1.6,-7.4
19:52:44,11.34,16.3,0.0,-18.2
19:52:44,11.61,0.0,-57.0,3.9
19:52:44,11.41,0.0,-4.0,17.0
19:52:45,13.37,20.4,0.0,37.3
19:52:45,14.24,0.0,-70.6,0.7
19:52:45,18.47,0.0,-69.4,-1.9
19:52:45,35.45,0.0,-77.2,0.8
19:52:45,49.85,0.0,-76.6,9.4
19:52:45,49.72,0.0,-55.0,14.1
19:52:45,41.52,0.0,-49.2,21.8
19:52:45,29.93,0.0,-27.8,2.6
19:52:45,17.42,0.0,-10.1,-1.6
19:52:45,11.28,26.1,0.0,1.6
19:52:46,9.48,0.0,-64.6,23.9
19:52:46,11.68,12.5,0.0,18.4
19:52:46,15.6,30.6,0.0,32.1
19:52:46,16.62,0.0,-66.7,-6.2
19:52:46,24.18,0.0,-71.3,-5.2
19:52:46,46.26,0.0,-77.4,3.5
19:52:46,57.09,0.0,-62.1,11.2
19:52:46,50.65,0.0,-55.3,14.4
19:52:46,41.5,0.0,-57.0,12.9
19:52:46,31.38,0.0,-19.4,-2.5
19:52:47,17.77,5.1,0.0,-7.8
19:52:47,10.82,37.0,0.0,-29.4
19:52:47,9.76,0.0,-48.4,13.1
19:52:47,12.25,18.4,0.0,30.7
19:52:47,14.8,28.3,0.0,41.8
19:52:47,16.86,0.0,-70.4,-1.6
19:52:47,27.61,0.0,-68.5,-5.0
19:52:47,45.93,0.0,-78.3,5.0
19:52:47,50.65,0.0,-59.0,13.7
19:52:48,45.08,0.0,-53.5,11.9
19:52:48,37.71,0.0,-55.5,12.8
19:52:48,28.81,0.0,-14.9,-0.9
19:52:48,17.19,7.9,0.0,-4.6
19:52:48,11.39,58.6,0.0,-18.7
19:52:48,10.01,0.0,-46.4,17.4
19:52:48,12.28,10.1,0.0,22.4
19:52:48,16.17,0.0,-53.2,7.2
19:52:48,18.81,0.0,-65.0,-0.7
19:52:48,33.84,0.0,-70.6,-0.4
19:52:49,52.11,0.0,-71.5,6.5
19:52:49,52.29,0.0,-60.0,9.1
19:52:49,43.21,0.0,-58.5,5.3
19:52:49,35.35,0.0,-36.0,14.0
19:52:49,24.12,0.0,-10.0,1.5
19:52:49,13.59,12.7,0.0,-4.3
19:52:49,10.24,42.7,0.0,-26.1
19:52:49,11.03,0.0,-17.8,1.5
19:52:49,13.78,0.0,-1.0,19.9
19:52:49,16.32,0.0,-48.6,0.2
19:52:50,18.88,0.0,-51.6,-2.1
19:52:50,36.29,0.0,-65.1,5.2
19:52:50,51.83,0.0,-69.3,15.7
19:52:50,49.72,0.0,-52.3,17.2
19:52:50,41.36,0.0,-48.2,14.8
19:52:50,32.79,0.0,-40.8,4.9
19:52:50,21.73,0.0,-7.7,-0.8
19:52:50,13.66,27.3,0.0,-6.1
19:52:50,10.62,80.7,0.0,-7.6
19:52:50,11.79,7.3,0.0,21.3
19:52:50,16.55,5.7,0.0,41.3
19:52:51,18.87,0.0,-63.9,1.4
19:52:51,30.31,0.0,-68.3,-0.3
19:52:51,55.33,0.0,-75.4,8.2
19:52:51,63.42,0.0,-63.2,12.4
19:52:51,54.18,0.0,-50.5,12.2
19:52:51,43.48,0.0,-54.1,5.1
19:52:51,30.34,0.0,-22.7,-2.5
19:52:51,15.66,0.0,-3.5,-6.0
19:52:51,10.78,43.3,0.0,-2.9
19:52:52,11.14,0.0,-58.5,14.4
19:52:52,12.93,0.0,-3.6,31.2
19:52:52,16.65,0.0,-35.0,52.6
19:52:52,19.54,0.0,-58.6,1.6
19:52:52,40.53,0.0,-71.4,5.3
19:52:52,70.78,0.0,-71.3,15.8
19:52:52,67.31,0.0,-55.9,15.7
19:52:52,50.94,0.0,-64.4,10.3
19:52:52,40.32,0.0,-37.1,18.2
19:52:52,26.89,0.0,-14.7,-6.5
19:52:53,13.89,11.1,0.0,-10.1
19:52:53,10.65,73.2,0.0,-2.3
19:52:53,11.28,0.0,-25.8,17.8
19:52:53,14.45,0.0,-4.8,42.6
19:52:53,18.0,0.0,-40.9,-6.9
19:52:53,25.48,0.0,-65.0,0.3
19:52:53,51.16,0.0,-70.6,7.9
19:52:53,61.04,0.0,-64.9,13.0
19:52:53,50.17,0.0,-59.8,13.2
19:52:53,41.55,0.0,-53.2,13.9
19:52:54,32.91,0.0,-33.4,-2.1
19:52:54,20.72,0.0,-1.6,0.2
19:52:54,12.52,34.1,0.0,-8.6
19:52:54,10.69,0.0,-71.3,-10.3
19:52:54,11.66,5.3,0.0,26.8
19:52:54,16.53,6.7,0.0,50.2
19:52:54,19.96,0.0,-58.6,-1.4
19:52:54,33.34,0.0,-62.3,1.9
19:52:54,54.51,0.0,-64.9,8.3
19:52:54,56.77,0.0,-53.8,7.7
19:52:55,45.98,0.0,-51.2,6.2
19:52:55,36.64,0.0,-45.6,12.2
19:52:55,25.51,0.0,-22.4,8.4
19:52:55,15.07,4.0,0.0,0.7
19:52:55,11.87,62.8,0.0,-13.9
19:52:55,12.08,0.0,-20.7,38.8
19:52:55,14.39,0.0,-4.1,34.6
19:52:55,18.63,0.0,-47.5,-2.8
19:52:55,23.26,0.0,-62.9,-4.7
19:52:55,46.02,0.0,-72.1,0.7
19:52:56,61.44,0.0,-66.5,9.2
19:52:56,52.04,0.0,-60.0,8.8
19:52:56,40.37,0.0,-57.3,20.0
19:52:56,31.39,0.0,-39.6,11.1
19:52:56,19.89,0.0,-12.2,-1.2
19:52:56,13.15,7.2,0.0,-8.1
19:52:56,11.81,70.6,0.0,-0.7
19:52:56,12.38,0.0,-17.1,28.7
19:52:56,16.64,4.2,0.0,80.5
19:52:57,21.15,0.0,-60.9,0.8
19:52:57,40.22,0.0,-62.6,-6.4
19:52:57,76.18,0.0,-78.6,4.9
19:52:57,76.75,0.0,-64.4,7.5
19:52:57,52.88,0.0,-60.2,18.5
19:52:57,37.87,0.0,-58.6,21.4
19:52:57,29.08,0.0,-34.0,6.7
19:52:57,17.11,9.1,0.0,-11.8
19:52:57,11.0,65.1,0.0,-15.6
19:52:57,11.06,0.0,-37.7,27.8
19:52:58,14.8,26.0,0.0,45.6
19:52:58,19.43,0.0,-59.8,2.6
19:52:58,30.74,0.0,-62.9,-6.0
19:52:58,64.85,0.0,-71.9,5.6
19:52:58,77.41,0.0,-67.9,12.5
19:52:58,55.78,0.0,-63.2,15.9
19:52:58,40.85,0.0,-80.5,9.4
19:52:58,33.57,0.0,-30.1,1.9
19:52:58,20.34,2.9,0.0,-4.2
19:52:58,11.09,66.9,0.0,-8.8
19:52:59,10.16,0.0,-18.1,35.6
19:52:59,15.52,0.0,-13.9,54.3
19:52:59,19.81,0.0,-51.6,0.4
19:52:59,28.68,0.0,-58.7,-4.2
19:52:59,63.78,0.0,-68.7,0.6
19:52:59,79.9,0.0,-71.3,5.9
19:52:59,59.21,0.0,-58.2,11.1
19:52:59,41.77,0.0,-74.3,9.0
19:52:59,32.59,0.0,-55.5,-2.9
19:52:59,20.08,0.0,-2.7,-7.3
19:52:59,11.39,53.8,0.0,-7.8
19:53:00,9.87,0.0,-37.2,30.0
19:53:00,13.41,3.7,0.0,40.5
19:53:00,18.78,0.0,-31.8,6.6
19:53:00,23.08,0.0,-64.1,-2.4
19:53:00,57.16,0.0,-71.3,4.4
19:53:00,82.46,0.0,-62.5,12.8
19:53:00,63.16,0.0,-65.5,13.7
19:53:00,44.58,0.0,-73.3,15.5
19:53:00,34.58,0.0,-41.0,5.6
19:53:00,22.9,0.0,-1.0,-2.4
19:53:01,13.66,49.6,0.0,-3.8
19:53:01,10.39,0.0,-30.6,32.6
19:53:01,13.22,0.0,-18.3,40.4
19:53:01,18.57,0.0,-18.1,9.5
19:53:01,23.58,0.0,-62.3,-0.7
19:53:01,55.45,0.0,-61.8,-0.3
19:53:01,85.55,0.0,-68.8,10.1
19:53:01,66.96,0.0,-69.1,13.5
19:53:01,43.53,0.0,-68.4,12.3
19:53:02,35.55,0.0,-57.3,15.4
19:53:02,27.5,0.0,-10.7,-0.1
19:53:02,15.47,45.2,0.0,-3.4
19:53:02,9.66,68.9,0.0,8.9
19:53:02,11.8,0.0,-6.4,40.1
19:53:02,18.66,5.0,0.0,64.3
19:53:02,22.41,0.0,-65.1,2.9
19:53:02,47.48,0.0,-67.6,-4.2
19:53:02,81.08,0.0,-74.7,-1.6
19:53:02,73.25,0.0,-61.9,2.3
19:53:03,50.68,0.0,-77.4,8.4
19:53:03,38.0,0.0,-50.7,18.4
19:53:03,26.93,0.0,-11.1,-0.4
19:53:03,15.4,18.3,0.0,-14.2
19:53:03,10.55,71.7,0.0,13.1
19:53:03,11.6,0.0,-16.5,41.3
19:53:03,16.91,14.6,0.0,70.9
19:53:03,21.03,0.0,-56.2,3.1
19:53:03,41.19,0.0,-62.9,-4.0
19:53:03,76.57,0.0,-67.2,7.2
19:53:04,73.74,0.0,-60.8,10.5
19:53:04,49.48,0.0,-63.6,5.8
19:53:04,37.34,0.0,-60.5,5.5
19:53:04,27.81,0.0,-16.1,-4.9
19:53:04,15.59,14.1,0.0,-14.5
19:53:04,10.01,82.6,0.0,1.6
19:53:04,10.21,0.0,-24.9,34.1
19:53:04,15.31,18.4,0.0,61.0
19:53:04,20.31,0.0,-56.4,5.3
19:53:04,39.75,0.0,-57.6,-3.8
19:53:05,79.87,0.0,-70.8,6.9
19:53:05,79.69,0.0,-57.9,4.9
19:53:05,54.51,0.0,-71.6,-4.9
19:53:05,38.97,0.0,-67.5,9.3
19:53:05,27.15,0.0,-15.3,0.5
19:53:05,14.65,12.1,0.0,-16.7
19:53:05,9.89,69.9,0.0,-2.8
19:53:05,11.34,0.0,-23.1,37.6
19:53:05,16.62,0.0,-6.1,64.8
19:53:06,20.62,0.0,-49.5,5.7
19:53:06,42.83,0.0,-61.8,-3.5
19:53:06,81.88,0.0,-72.7,12.7
19:53:06,74.11,0.0,-61.7,11.0
19:53:06,47.9,0.0,-64.5,13.3
19:53:06,38.17,0.0,-74.5,-0.2
19:53:06,30.24,0.0,-19.8,0.4
19:53:06,17.28,11.0,0.0,-11.8
19:53:06,10.88,69.2,0.0,-4.7
19:53:06,10.73,0.0,-12.8,35.5
19:53:06,15.43,0.0,-8.6,53.8
19:53:07,19.66,0.0,-34.2,-3.9
19:53:07,32.68,0.0,-67.5,-0.5
19:53:07,72.51,0.0,-71.5,5.9
19:53:07,76.54,0.0,-60.8,12.5
19:53:07,51.56,0.0,-67.3,10.0
19:53:07,37.11,0.0,-74.8,3.6
19:53:07,28.67,0.0,-34.2,-1.2
19:53:07,18.79,10.9,0.0,-1.4
19:53:07,12.17,73.1,0.0,-9.9
19:53:08,10.52,0.0,-18.0,26.7
19:53:08,15.26,15.0,0.0,53.6
19:53:08,19.98,0.0,-46.6,-0.0
19:53:08,30.4,0.0,-58.2,-5.5
19:53:08,67.85,0.0,-66.3,-0.1
19:53:08,83.73,0.0,-67.0,10.1
19:53:08,59.77,0.0,-70.2,10.0
19:53:08,40.52,0.0,-73.5,14.3
19:53:08,31.43,0.0,-41.2,-2.3
19:53:08,20.81,0.0,-5.7,-8.9
19:53:09,12.55,54.4,0.0,-16.3
19:53:09,9.66,0.0,-41.7,38.8
19:53:09,13.22,3.3,0.0,50.0
19:53:09,18.46,0.0,-3.7,49.4
19:53:09,23.9,0.0,-58.6,-4.3
19:53:09,55.4,0.0,-61.2,-4.5
19:53:09,87.23,0.0,-62.3,-2.8
19:53:09,70.54,0.0,-66.6,0.9
19:53:09,45.14,0.0,-84.4,3.2
19:53:09,32.17,0.0,-54.2,10.0
19:53:09,20.19,0.0,-12.3,1.2
19:53:10,12.38,34.7,0.0,-17.5
19:53:10,10.18,0.0,-74.4,2.4
19:53:10,12.23,0.0,-21.6,23.4
19:53:10,16.35,0.0,-2.6,60.3
19:53:10,20.01,0.0,-51.6,-3.5
19:53:10,39.83,0.0,-78.6,-1.8
19:53:10,79.86,0.0,-66.2,2.4
19:53:10,75.88,0.0,-59.6,7.3
19:53:10,47.82,0.0,-64.2,10.8
19:53:11,35.9,0.0,-66.1,6.1
19:53:11,28.94,0.0,-16.0,3.1
19:53:11,17.97,21.9,0.0,-12.1
19:53:11,10.91,79.0,0.0,-5.8
19:53:11,10.23,0.0,-2.8,28.9
19:53:11,15.48,0.0,-6.6,55.7
19:53:11,18.95,0.0,-45.3,-0.0
19:53:11,28.25,0.0,-62.0,-4.3
19:53:11,66.29,0.0,-58.1,-3.8
19:53:11,80.86,0.0,-63.9,5.2
19:53:12,56.43,0.0,-66.0,12.4
19:53:12,38.42,0.0,-75.2,14.0
19:53:12,32.52,0.0,-38.1,15.2
19:53:12,24.61,7.3,0.0,4.0
19:53:12,14.72,62.7,0.0,-14.9
19:53:12,10.4,0.0,-58.2,22.5
19:53:12,12.86,0.0,-3.5,40.9
19:53:12,18.57,0.0,-12.1,9.3
19:53:12,24.0,0.0,-58.2,-6.3
19:53:12,54.51,0.0,-69.2,-2.3
19:53:13,79.02,0.0,-60.5,3.7
19:53:13,58.4,0.0,-68.1,11.1
19:53:13,38.92,0.0,-69.7,11.9
19:53:13,33.38,0.0,-43.0,11.7
19:53:13,24.74,0.0,-2.8,1.3
19:53:13,14.39,42.7,0.0,-15.8
19:53:13,10.36,81.2,0.0,-5.6
19:53:13,11.17,0.0,-13.7,32.0
19:53:13,16.37,0.0,-16.0,61.3
19:53:13,20.18,0.0,-52.0,1.1
19:53:14,42.78,0.0,-62.1,-3.5
19:53:14,79.59,0.0,-69.1,8.9
19:53:14,70.78,0.0,-63.6,9.1
19:53:14,47.78,0.0,-63.1,9.5
19:53:14,37.67,0.0,-61.4,0.7
19:53:14,27.24,0.0,-9.4,-3.4
19:53:14,15.27,34.0,0.0,-5.7
19:53:14,10.27,85.0,0.0,3.2
19:53:14,10.84,0.0,-7.0,34.8
19:53:15,17.0,0.0,-9.5,55.1
19:53:15,20.74,0.0,-51.7,-3.7
19:53:15,38.62,0.0,-57.1,-8.2
19:53:15,74.41,0.0,-66.1,4.9
19:53:15,73.93,0.0,-62.4,11.5
19:53:15,49.85,0.0,-70.1,6.7
19:53:15,37.41,0.0,-69.2,10.1
19:53:15,29.37,0.0,-23.3,8.9
19:53:15,18.79,13.2,0.0,3.0
19:53:15,12.23,76.3,0.0,-1.8
19:53:16,10.28,0.0,-39.5,33.5
19:53:16,13.17,0.0,-5.6,32.3
19:53:16,18.1,0.0,-35.2,15.6
19:53:16,23.77,0.0,-61.8,-7.7
19:53:16,56.53,0.0,-66.4,-3.8
19:53:16,77.54,0.0,-71.7,8.5
19:53:16,56.59,0.0,-64.2,10.7
19:53:16,39.07,0.0,-76.9,5.7
19:53:16,33.32,0.0,-46.0,2.6
19:53:16,25.49,0.0,-10.5,4.4
19:53:17,15.38,33.0,0.0,-4.8
19:53:17,10.69,0.0,-84.9,1.7
19:53:17,11.81,0.0,-13.5,31.8
19:53:17,16.39,0.0,-5.2,76.2
19:53:17,20.5,0.0,-48.9,-3.2
19:53:17,41.01,0.0,-67.2,-4.7
19:53:17,79.36,0.0,-62.5,3.9
19:53:17,73.78,0.0,-68.1,9.9
19:53:17,49.72,0.0,-63.3,5.0
19:53:17,39.52,0.0,-75.3,8.8
19:53:18,32.34,0.0,-21.4,2.9
19:53:18,19.7,19.6,0.0,3.2
19:53:18,11.87,79.2,0.0,1.8
19:53:18,10.41,0.0,-15.5,35.7
19:53:18,14.56,0.0,-8.1,37.6
19:53:18,18.44,0.0,-35.0,-3.9
19:53:18,24.17,0.0,-59.2,-9.7
19:53:18,56.25,0.0,-64.2,-4.0
19:53:18,78.09,0.0,-63.7,8.0
19:53:18,58.38,0.0,-70.3,8.9
19:53:19,39.94,0.0,-81.7,4.4
19:53:19,34.5,0.0,-32.8,5.1
19:53:19,24.68,2.3,0.0,6.0
19:53:19,13.22,66.9,0.0,-10.5
19:53:19,9.89,0.0,-76.7,7.5
19:53:19,12.65,0.0,-6.6,25.1
19:53:19,18.1,0.0,-22.0,58.4
19:53:19,21.55,0.0,-58.9,-1.8
19:53:19,49.28,0.0,-61.0,-2.8
19:53:19,78.79,0.0,-69.2,7.1
19:53:20,63.24,0.0,-60.5,8.9
19:53:20,42.75,0.0,-66.8,7.8
19:53:20,34.65,0.0,-54.2,13.4
19:53:20,26.55,0.0,-10.0,10.0
19:53:20,15.67,40.1,0.0,-4.6
19:53:20,10.47,80.3,0.0,-7.4
19:53:20,10.87,0.0,-5.9,31.3
19:53:20,15.9,0.0,-16.1,57.7
19:53:20,19.69,0.0,-54.4,-3.2
19:53:20,34.16,0.0,-61.3,-6.8
19:53:21,71.12,0.0,-67.3,3.4
19:53:21,73.19,0.0,-63.3,9.9
19:53:21,50.49,0.0,-72.8,8.6
19:53:21,38.92,0.0,-59.9,12.4
19:53:21,31.66,0.0,-20.8,10.5
19:53:21,20.41,10.0,0.0,2.2
19:53:21,12.03,79.5,0.0,-7.1
19:53:21,11.06,0.0,-29.1,10.2
19:53:21,14.76,0.0,-12.3,37.4
19:53:21,18.58,0.0,-32.7,4.7
19:53:22,26.45,0.0,-57.2,-6.5
19:53:22,61.59,0.0,-71.2,2.0
19:53:22,75.61,0.0,-64.8,9.9
19:53:22,53.97,0.0,-73.0,9.9
19:53:22,41.44,0.0,-51.8,16.6
19:53:22,35.32,0.0,-29.2,16.7
19:53:22,23.77,5.3,0.0,8.3
19:53:22,13.15,70.3,0.0,-10.4
19:53:22,11.18,0.0,-34.1,18.9
19:53:22,14.65,0.0,-15.7,29.7
19:53:23,18.41,0.0,-19.3,-0.3
19:53:23,24.13,0.0,-59.2,-0.9
19:53:23,54.09,0.0,-58.6,-4.6
19:53:23,75.94,0.0,-63.2,4.5
19:53:23,58.62,0.0,-68.9,9.5
19:53:23,41.07,0.0,-58.0,15.1
19:53:23,32.29,0.0,-44.9,12.7
19:53:23,22.77,0.0,-11.7,9.4
19:53:23,13.41,62.2,0.0,-5.4
19:53:24,10.18,0.0,-58.4,25.2
19:53:24,12.76,0.0,-8.8,22.1
19:53:24,18.48,0.0,-11.0,73.8
19:53:24,20.73,0.0,-48.7,-3.8
19:53:24,40.62,0.0,-67.0,1.8
19:53:24,75.46,0.0,-61.9,12.4
19:53:24,64.18,0.0,-65.4,13.8
19:53:24,40.75,0.0,-64.6,9.5
19:53:24,32.75,0.0,-61.0,13.7
19:53:24,25.97,0.0,-17.7,10.8
19:53:25,15.55,40.6,0.0,4.6
19:53:25,10.88,69.0,0.0,-12.0
19:53:25,12.09,0.0,-14.2,25.2
19:53:25,17.06,0.0,-23.2,48.3
19:53:25,19.66,0.0,-48.4,-2.2
19:53:25,33.18,0.0,-65.8,-1.6
19:53:25,72.83,0.0,-69.2,3.5
19:53:25,76.7,0.0,-63.9,11.2
19:53:25,51.32,0.0,-70.0,10.0
19:53:25,38.01,0.0,-57.3,19.5
19:53:26,33.19,0.0,-30.5,20.3
19:53:26,24.25,1.8,0.0,5.6
19:53:26,13.97,64.5,0.0,-13.2
19:53:26,10.81,0.0,-25.6,33.8
19:53:26,15.06,0.0,-13.3,40.6
19:53:26,19.17,0.0,-17.7,2.7
19:53:26,24.9,0.0,-65.3,-1.3
19:53:26,61.81,0.0,-60.1,-2.7
19:53:26,85.71,0.0,-69.5,4.4
19:53:26,63.04,0.0,-68.0,7.1
19:53:27,42.15,0.0,-62.6,14.1
19:53:27,33.93,0.0,-35.8,22.8
19:53:27,24.12,0.0,-1.4,15.5
19:53:27,14.07,49.0,0.0,-19.7
19:53:27,10.5,0.0,-58.6,25.3
19:53:27,13.37,0.0,-19.2,28.7
19:53:27,18.06,0.0,-18.2,69.9
19:53:27,21.14,0.0,-50.0,-0.2
19:53:27,52.13,0.0,-72.9,3.9
19:53:27,88.34,0.0,-70.6,10.3
19:53:28,67.77,0.0,-70.6,14.6
19:53:28,43.1,0.0,-69.1,10.8
19:53:28,32.95,0.0,-54.9,10.9
19:53:28,22.76,0.0,-21.0,12.3
19:53:28,13.68,25.0,0.0,1.0
19:53:28,10.55,67.6,0.0,-16.3
19:53:28,11.89,0.0,-21.8,27.2
19:53:28,16.21,0.0,-20.1,49.7
19:53:28,18.75,0.0,-46.2,-1.6
19:53:28,33.1,0.0,-64.5,-2.3
19:53:29,77.47,0.0,-68.0,6.4
19:53:29,81.43,0.0,-61.7,12.5
19:53:29,50.77,0.0,-66.2,9.2
19:53:29,36.1,0.0,-55.5,16.3
19:53:29,28.65,0.0,-20.8,12.6
19:53:29,17.26,9.1,0.0,1.4
19:53:29,10.74,78.0,0.0,-10.3
19:53:29,10.62,0.0,-28.0,12.1
19:53:29,14.61,0.0,-21.4,34.7
19:53:29,18.09,0.0,-42.3,3.4
19:53:30,25.52,0.0,-62.6,1.1
19:53:30,58.87,0.0,-71.1,13.3
19:53:30,75.26,0.0,-62.5,22.1
19:53:30,53.54,0.0,-58.5,16.0
19:53:30,38.11,0.0,-58.6,18.3
19:53:30,29.36,0.0,-24.5,4.2
19:53:30,19.08,0.0,-8.8,4.2
19:53:30,12.75,47.7,0.0,-1.7
19:53:30,10.57,72.6,0.0,16.0
19:53:30,13.39,0.0,-23.8,32.6
19:53:31,18.02,0.0,-4.7,84.1
19:53:31,20.64,0.0,-63.5,1.1
19:53:31,45.47,0.0,-64.8,0.4
19:53:31,77.87,0.0,-62.4,11.1
19:53:31,64.14,0.0,-74.6,5.7
19:53:31,43.13,0.0,-63.9,5.5
19:53:31,35.46,0.0,-37.2,2.7
19:53:31,24.42,0.0,-8.7,2.8
19:53:31,13.36,55.5,0.0,-4.5
19:53:31,9.6,0.0,-66.0,13.3
19:53:32,12.62,0.0,-12.0,28.3
19:53:32,17.54,11.7,0.0,75.4
19:53:32,19.62,0.0,-54.4,-2.3
19:53:32,39.37,0.0,-64.9,2.2
19:53:32,72.07,0.0,-69.6,14.3
19:53:32,64.29,0.0,-64.3,13.9
19:53:32,44.38,0.0,-62.4,4.4
19:53:32,36.13,0.0,-41.1,4.8
19:53:32,27.59,0.0,-16.2,3.9
19:53:33,16.94,33.5,0.0,0.1
19:53:33,10.34,0.0,-76.0,-7.0
19:53:33,11.09,0.0,-9.2,20.5
19:53:33,15.77,0.0,-30.2,34.4
19:53:33,17.77,0.0,-45.2,-5.0
19:53:33,28.13,0.0,-62.3,-1.6
19:53:33,64.67,0.0,-65.1,8.3
19:53:33,72.17,0.0,-66.9,13.2
19:53:33,50.77,0.0,-68.7,4.6
19:53:33,39.65,0.0,-48.0,6.9
19:53:33,30.78,0.0,-24.3,5.2
19:53:34,17.95,23.3,0.0,9.0
19:53:34,10.1,74.8,0.0,-6.3
19:53:34,10.63,0.0,-13.4,24.0
19:53:34,15.96,0.0,-19.0,36.5
19:53:34,17.75,0.0,-30.7,-6.1
19:53:34,21.31,0.0,-57.7,-4.1
19:53:34,49.59,0.0,-64.6,2.8
19:53:34,73.07,0.0,-56.6,12.6
19:53:34,57.06,0.0,-68.2,7.6
19:53:35,41.16,0.0,-73.0,0.1
19:53:35,33.03,0.0,-32.3,0.7
19:53:35,21.99,0.0,-13.0,3.6
19:53:35,13.04,44.5,0.0,2.7
19:53:35,10.0,0.0,-76.4,7.3
19:53:35,11.67,0.0,-14.9,29.0
19:53:35,16.25,0.0,-13.5,57.2
19:53:35,19.21,0.0,-64.8,-1.0
19:53:35,36.13,0.0,-61.7,-2.7
19:53:35,67.02,0.0,-62.9,11.4
19:53:36,64.21,0.0,-64.0,14.3
19:53:36,45.94,0.0,-85.2,0.9
19:53:36,36.78,0.0,-38.8,6.3
19:53:36,27.0,0.0,-15.6,3.2
19:53:36,15.46,41.3,0.0,7.8
19:53:36,8.71,0.0,-62.2,-26.7
19:53:36,9.36,0.0,-10.9,33.6
19:53:36,15.72,0.0,-18.8,53.3
19:53:36,18.96,0.0,-52.3,-4.0
19:53:36,31.56,0.0,-59.9,-6.0
19:53:37,65.36,0.0,-67.8,2.6
19:53:37,73.65,0.0,-64.9,7.2
19:53:37,53.35,0.0,-71.9,0.4
19:53:37,38.73,0.0,-63.2,1.9
19:53:37,28.42,0.0,-23.5,2.8
19:53:37,15.95,20.6,0.0,-2.3
19:53:37,9.77,65.7,0.0,-22.7
19:53:37,10.49,0.0,-15.5,24.4
19:53:37,15.76,0.0,-37.5,32.2
19:53:37,18.68,0.0,-47.3,-4.2
19:53:38,29.25,0.0,-55.1,-4.8
19:53:38,65.29,0.0,-67.8,6.1
19:53:38,73.48,0.0,-63.6,14.9
19:53:38,51.63,0.0,-58.4,10.9
19:53:38,39.15,0.0,-70.1,7.5
19:53:38,32.47,0.0,-21.9,8.2
19:53:38,20.37,1.6,0.0,5.6
19:53:38,11.63,70.7,0.0,0.8
19:53:38,9.91,0.0,-29.2,13.9
19:53:38,13.62,0.0,-22.3,32.1
19:53:39,18.27,0.0,-17.6,20.4
19:53:39,21.16,0.0,-56.7,-0.4
19:53:39,45.77,0.0,-67.0,4.0
19:53:39,71.26,0.0,-66.3,17.4
19:53:39,58.1,0.0,-67.7,15.5
19:53:39,41.46,0.0,-70.8,10.8
19:53:39,34.18,0.0,-33.5,6.3
19:53:39,23.02,0.0,-13.3,6.3
19:53:39,13.88,36.6,0.0,-4.9
19:53:39,10.29,73.0,0.0,-6.8
19:53:40,12.11,0.0,-16.3,28.8
19:53:40,16.53,0.0,-22.8,61.7
19:53:40,19.2,0.0,-54.5,-1.4
19:53:40,34.36,0.0,-58.2,-3.7
19:53:40,70.0,0.0,-68.6,8.1
19:53:40,72.08,0.0,-65.2,10.9
19:53:40,51.06,0.0,-62.4,2.5
19:53:40,39.75,0.0,-59.6,1.6
19:53:40,32.23,0.0,-28.5,5.5
19:53:40,21.45,0.8,0.0,0.2
19:53:41,12.04,64.9,0.0,-17.2
19:53:41,10.73,0.0,-29.8,17.6
19:53:41,15.62,0.0,-27.6,29.0
19:53:41,17.92,0.0,-25.4,6.5
19:53:41,23.37,0.0,-59.7,-4.6
19:53:41,53.54,0.0,-64.6,-1.2
19:53:41,75.91,0.0,-63.7,11.1
19:53:41,58.56,0.0,-73.9,7.8
19:53:41,40.63,0.0,-71.6,15.3
19:53:42,32.91,0.0,-29.0,7.2
19:53:42,21.65,12.3,0.0,6.4
19:53:42,11.39,78.8,0.0,-9.2
19:53:42,10.08,0.0,-15.2,31.0
19:53:42,15.3,0.0,-20.4,38.6
19:53:42,18.7,0.0,-31.0,10.3
19:53:42,22.47,0.0,-60.2,-4.0
19:53:42,47.35,0.0,-60.8,-2.5
19:53:42,72.67,0.0,-64.7,8.8
19:53:42,61.24,0.0,-71.5,10.8
19:53:43,43.99,0.0,-66.0,9.6
19:53:43,36.09,0.0,-36.2,9.5
19:53:43,24.66,0.0,-4.9,4.9
19:53:43,13.46,53.2,0.0,-8.7
19:53:43,9.97,79.4,0.0,-2.8
19:53:43,12.82,0.0,-9.6,28.4
19:53:43,17.28,0.0,-7.7,65.1
19:53:43,18.7,0.0,-48.4,-1.0
19:53:43,35.34,0.0,-57.2,-3.9
19:53:43,67.67,0.0,-63.2,11.6
19:53:44,64.87,0.0,-62.3,7.1
19:53:44,46.87,0.0,-60.9,6.3
19:53:44,38.29,0.0,-47.0,3.5
19:53:44,30.24,0.0,-25.1,4.5
19:53:44,19.06,25.2,0.0,3.3
19:53:44,11.83,0.0,-71.3,-16.9
19:53:44,11.21,0.0,-22.9,11.9
19:53:44,14.99,0.0,-21.8,33.0
19:53:44,17.81,0.0,-43.2,1.2
19:53:44,24.49,0.0,-51.9,-6.1
19:53:45,54.91,0.0,-62.5,1.5
19:53:45,71.08,0.0,-67.7,14.3
19:53:45,52.0,0.0,-64.1,15.8
19:53:45,38.43,0.0,-53.8,14.7
19:53:45,33.31,0.0,-36.6,15.6
19:53:45,24.0,0.0,-1.2,8.6
19:53:45,13.54,63.0,0.0,-12.7
19:53:45,11.02,0.0,-47.6,21.0
19:53:45,14.75,0.0,-18.3,30.3
19:53:45,18.38,0.0,-22.9,63.2
19:53:46,20.62,0.0,-46.7,-0.6
19:53:46,41.66,0.0,-68.6,3.7
19:53:46,70.44,0.0,-70.4,13.2
19:53:46,59.27,0.0,-65.3,12.1
19:53:46,42.23,0.0,-59.6,9.6
19:53:46,36.36,0.0,-46.5,8.9
19:53:46,29.18,0.0,-16.4,4.9
19:53:46,18.55,29.8,0.0,8.6
19:53:46,11.45,0.0,-74.6,-12.2
19:53:46,11.44,0.0,-10.7,21.1
19:53:47,17.29,0.0,-2.8,47.4
19:53:47,19.69,0.0,-50.2,-7.0
19:53:47,31.3,0.0,-65.7,-3.8
19:53:47,64.77,0.0,-68.4,2.6
19:53:47,69.09,0.0,-63.5,11.5
19:53:47,48.18,0.0,-65.5,3.5
19:53:47,37.47,0.0,-56.5,6.5
19:53:47,29.39,0.0,-17.1,9.6
19:53:47,17.66,25.0,0.0,-1.6
19:53:47,11.07,0.0,-69.7,-18.4
19:53:48,10.5,0.0,-13.3,24.7
19:53:48,15.04,0.0,-4.1,45.4
19:53:48,18.38,0.0,-36.6,-0.8
19:53:48,26.56,0.0,-58.5,-6.6
19:53:48,59.84,0.0,-75.6,7.0
19:53:48,68.96,0.0,-64.2,12.3
19:53:48,46.49,0.0,-63.3,11.7
19:53:48,33.78,0.0,-49.8,14.0
19:53:48,27.35,0.0,-27.1,2.8
19:53:48,18.77,5.8,0.0,-3.9
19:53:49,12.18,70.2,0.0,-6.2
19:53:49,10.03,0.0,-50.3,2.2
19:53:49,12.24,0.0,-11.1,25.0
19:53:49,16.59,11.5,0.0,69.3
19:53:49,20.54,0.0,-51.5,-0.7
19:53:49,43.27,0.0,-72.7,2.0
19:53:49,72.39,0.0,-71.6,11.6
19:53:49,58.19,0.0,-61.3,11.2
19:53:49,40.14,0.0,-52.1,12.6
19:53:49,34.65,0.0,-49.1,14.2
19:53:50,27.55,0.0,-14.5,10.4
19:53:50,16.96,40.4,0.0,5.5
19:53:50,11.06,0.0,-80.9,-7.7
19:53:50,11.81,0.0,-12.0,23.2
19:53:50,16.78,0.0,-13.4,53.0
19:53:50,19.48,0.0,-44.1,-3.9
19:53:50,29.9,0.0,-57.2,-4.9
19:53:50,64.41,0.0,-66.8,5.4
19:53:50,71.67,0.0,-62.1,10.3
19:53:51,48.77,0.0,-63.5,7.4
19:53:51,37.89,0.0,-67.5,7.8
19:53:51,32.18,0.0,-34.3,9.0
19:53:51,21.3,0.0,-8.1,8.5
19:53:51,13.8,46.1,0.0,-16.1
19:53:51,11.75,0.0,-66.9,16.8
19:53:51,14.08,0.0,-19.4,34.6
19:53:51,17.79,4.2,0.0,52.5
19:53:51,22.57,0.0,-51.8,-1.8
19:53:51,47.56,0.0,-63.1,1.2
19:53:51,70.98,0.0,-71.4,14.3
19:53:52,58.5,0.0,-64.5,13.4
19:53:52,40.98,0.0,-54.8,6.8
19:53:52,35.18,0.0,-46.8,11.8
19:53:52,27.31,0.0,-14.1,10.3
19:53:52,16.6,27.1,0.0,-1.9
19:53:52,11.78,79.7,0.0,-9.0
19:53:52,12.16,0.0,-15.0,18.5
19:53:52,16.09,17.8,0.0,64.3
19:53:52,19.44,0.0,-43.7,-4.7
19:53:53,33.4,0.0,-63.3,-2.2
19:53:53,65.26,0.0,-62.7,7.0
19:53:53,65.23,0.0,-63.3,9.2
19:53:53,45.6,0.0,-67.2,2.9
19:53:53,37.25,0.0,-48.2,9.8
19:53:53,31.04,0.0,-23.8,7.4
19:53:53,19.39,12.7,0.0,3.1
19:53:53,12.01,0.0,-73.3,-15.0
19:53:53,11.23,0.0,-18.6,9.5
19:53:53,15.16,0.0,-16.9,41.7
19:53:54,17.95,0.0,-40.2,-1.2
19:53:54,24.82,0.0,-61.2,-4.1
19:53:54,56.04,0.0,-66.8,1.0
19:53:54,71.87,0.0,-62.4,9.6
19:53:54,53.38,0.0,-74.5,3.6
19:53:54,38.82,0.0,-50.4,5.4
19:53:54,32.33,0.0,-31.4,6.2
19:53:54,22.9,0.0,-3.2,3.0
19:53:54,13.86,45.7,0.0,-16.9
19:53:54,10.29,0.0,-45.9,4.9
19:53:55,13.02,0.0,-21.0,31.6
19:53:55,17.22,0.0,-21.5,65.7
19:53:55,20.32,0.0,-61.0,-0.2
19:53:55,42.53,0.0,-66.1,-2.5
19:53:55,70.66,0.0,-64.3,6.8
19:53:55,59.58,0.0,-70.7,7.4
19:53:55,41.18,0.0,-66.0,8.0
19:53:55,34.26,0.0,-42.9,10.0
19:53:55,25.65,0.0,-12.3,7.7
19:53:55,14.8,35.4,0.0,-12.0
19:53:56,10.35,0.0,-75.9,-12.0
19:53:56,12.25,0.0,-14.2,22.2
19:53:56,16.77,0.0,-0.3,65.5
19:53:56,19.14,0.0,-47.9,-4.3
19:53:56,33.3,0.0,-62.2,-3.5
19:53:56,67.85,0.0,-67.4,10.7
19:53:56,67.69,0.0,-63.8,13.3
19:53:56,45.89,0.0,-66.2,12.0
19:53:56,36.5,0.0,-52.2,19.4
19:53:56,28.09,0.0,-16.7,8.4
19:53:57,16.72,15.1,0.0,-4.4
19:53:57,10.76,84.5,0.0,-4.1
19:53:57,10.62,0.0,-18.2,25.0
19:53:57,14.88,0.0,-19.4,45.7
19:53:57,18.25,0.0,-39.7,-7.4
19:53:57,29.35,0.0,-63.0,-4.6
19:53:57,69.59,0.0,-69.3,5.3
19:53:57,79.58,0.0,-64.1,6.9
19:53:57,54.63,0.0,-72.1,7.9
19:53:57,39.82,0.0,-63.3,14.0
19:53:58,32.2,0.0,-36.6,10.1
19:53:58,22.47,0.7,0.0,-1.9
19:53:58,13.25,61.1,0.0,-5.4
19:53:58,10.24,0.0,-61.0,24.9
19:53:58,11.97,0.0,-10.7,35.9
19:53:58,17.12,17.8,0.0,58.9
19:53:58,22.48,0.0,-59.0,-4.5
19:53:58,51.85,0.0,-61.9,-4.5
19:53:58,80.93,0.0,-63.1,6.2
19:53:58,61.08,0.0,-55.7,10.4
19:53:59,39.53,0.0,-56.5,11.1
19:53:59,31.45,0.0,-55.9,14.3
19:53:59,25.43,0.0,-20.0,10.1
19:53:59,17.28,12.8,0.0,1.0
19:53:59,11.72,72.4,0.0,-3.2
19:53:59,9.91,0.0,-27.6,37.3
19:53:59,13.76,0.0,-17.1,54.3
19:53:59,19.44,0.0,-47.5,-8.3
19:53:59,35.89,0.0,-61.1,-7.9
19:54:00,74.65,0.0,-61.4,2.8
19:54:00,77.55,0.0,-62.5,8.4
19:54:00,50.37,0.0,-62.8,17.5
19:54:00,35.39,0.0,-67.7,15.6
19:54:00,29.17,0.0,-24.7,11.4
19:54:00,19.65,13.0,0.0,3.8
19:54:00,11.49,81.1,0.0,-4.2
19:54:00,9.18,0.0,-36.1,34.7
19:54:00,13.38,0.0,-20.1,41.6
19:54:00,19.55,0.0,-37.5,-3.0
19:54:00,30.22,0.0,-61.2,-4.7
19:54:01,69.98,0.0,-69.6,3.8
19:54:01,82.92,0.0,-71.4,13.2
19:54:01,56.1,0.0,-68.7,15.4
19:54:01,38.27,0.0,-58.3,14.6
19:54:01,31.63,0.0,-53.4,8.4
19:54:01,23.67,0.0,-8.2,1.3
19:54:01,14.19,66.6,0.0,0.9
19:54:01,10.92,0.0,-46.6,15.5
19:54:01,13.38,0.0,-18.9,44.0
19:54:02,17.37,34.7,0.0,5.3
19:54:02,23.38,0.0,-68.7,2.3
19:54:02,53.77,0.0,-64.8,-3.6
19:54:02,85.86,0.0,-67.0,3.2
19:54:02,67.33,0.0,-56.8,12.0
19:54:02,41.14,0.0,-70.9,10.1
19:54:02,31.09,0.0,-50.8,15.5
19:54:02,26.32,0.0,-13.8,11.2
19:54:02,17.68,27.6,0.0,-8.3
19:54:02,10.95,76.4,0.0,0.1
19:54:03,11.08,0.0,-17.5,29.2
19:54:03,16.01,0.0,-13.3,48.4
19:54:03,19.96,0.0,-46.6,-4.7
19:54:03,40.8,0.0,-64.9,-1.3
19:54:03,83.25,0.0,-71.3,7.8
19:54:03,75.75,0.0,-56.2,6.3
19:54:03,48.54,0.0,-56.9,15.4
19:54:03,36.02,0.0,-63.9,15.6
19:54:03,28.11,0.0,-28.3,11.1
19:54:03,19.19,6.3,0.0,2.5
19:54:04,12.11,66.9,0.0,-5.8
19:54:04,10.89,0.0,-27.1,34.4
19:54:04,14.53,0.0,-24.7,43.0
19:54:04,18.11,0.0,-33.0,-0.2
19:54:04,27.84,0.0,-60.3,-3.0
19:54:04,64.19,0.0,-65.7,0.2
19:54:04,82.13,0.0,-61.8,8.9
19:54:04,60.08,0.0,-60.6,16.4


